1000 1000 1005 1010
937 558
1 1000
133 937
133 596
133 283
181 1000
1 326
326 266
266 405
405 524
524 926
926 661
661 162
162 304
304 257
257 81
81 918
918 251
251 406
406 403
403 716
716 638
638 865
865 870
870 201
201 285
285 363
363 374
374 752
752 18
18 905
905 460
460 153
153 735
735 152
152 300
300 896
896 324
324 193
193 309
309 538
538 289
289 939
939 545
545 412
412 354
354 265
265 453
453 675
675 367
367 520
520 620
620 533
533 428
428 223
223 674
674 689
689 154
154 513
513 537
537 990
990 535
535 359
359 516
516 37
37 281
281 775
775 734
734 812
812 129
129 607
607 736
736 168
168 294
294 361
361 999
999 700
700 677
677 853
853 47
47 844
844 90
90 21
21 927
927 250
250 353
353 215
215 197
197 843
843 188
188 933
933 584
584 432
432 423
423 695
695 199
199 217
217 451
451 75
75 501
501 146
146 35
35 313
313 744
744 77
77 167
167 885
885 517
517 962
962 380
380 229
229 429
429 904
904 958
958 951
951 808
808 784
784 658
658 268
268 76
76 725
725 932
932 710
710 894
894 482
482 818
818 375
375 133
133 342
342 483
483 302
302 606
606 631
631 886
886 182
182 102
102 256
256 810
810 267
267 589
589 587
587 349
349 185
185 347
347 479
479 71
71 868
868 864
864 249
249 410
410 872
872 321
321 243
243 450
450 19
19 884
884 378
378 923
923 653
653 691
691 174
174 184
184 578
578 121
121 244
244 582
582 602
602 629
629 135
135 149
149 255
255 935
935 780
780 434
434 224
224 906
906 950
950 964
964 997
997 555
555 753
753 719
719 173
173 712
712 512
512 418
418 345
345 714
714 438
438 28
28 805
805 95
95 508
508 544
544 4
4 655
655 968
968 148
148 849
849 521
521 822
822 774
774 419
419 435
435 252
252 24
24 444
444 430
430 191
191 880
880 230
230 707
707 770
770 206
206 373
373 119
119 526
526 208
208 648
648 64
64 270
270 108
108 96
96 411
411 534
534 273
273 34
34 306
306 936
936 645
645 850
850 816
816 728
728 447
447 867
867 91
91 595
595 785
785 937
937 202
202 424
424 219
219 596
596 165
165 468
468 22
22 287
287 32
32 110
110 542
542 299
299 652
652 994
994 27
27 940
940 310
310 159
159 831
831 970
970 503
503 445
445 470
470 284
284 303
303 855
855 338
338 743
743 834
834 813
813 441
441 888
888 811
811 101
101 895
895 910
910 160
160 715
715 155
155 611
611 916
916 308
308 742
742 790
790 139
139 552
552 554
554 877
877 547
547 330
330 170
170 2
2 337
337 214
214 781
781 858
858 46
46 660
660 612
612 934
934 795
795 226
226 459
459 793
793 730
730 343
343 912
912 402
402 559
559 510
510 131
131 497
497 687
687 955
955 907
907 662
662 158
158 396
396 541
541 532
532 88
88 604
604 498
498 392
392 163
163 575
575 86
86 487
487 769
769 944
944 768
768 58
58 860
860 10
10 845
845 98
98 414
414 346
346 851
851 976
976 634
634 196
196 945
945 684
684 237
237 325
325 609
609 762
762 930
930 839
839 365
365 272
272 799
799 626
626 269
269 820
820 668
668 358
358 670
670 16
16 778
778 594
594 669
669 20
20 371
371 433
433 680
680 557
557 446
446 72
72 959
959 122
122 145
145 688
688 116
116 261
261 126
126 79
79 443
443 494
494 961
961 988
988 394
394 25
25 761
761 92
92 94
94 569
569 767
767 911
911 51
51 733
733 862
862 705
705 341
341 597
597 481
481 340
340 6
6 827
827 386
386 766
766 376
376 622
622 263
263 228
228 708
708 254
254 235
235 639
639 113
113 745
745 59
59 942
942 476
476 603
603 887
887 491
491 656
656 317
317 379
379 115
115 322
322 143
143 570
570 82
82 448
448 986
986 156
156 610
610 747
747 692
692 718
718 420
420 681
681 654
654 698
698 879
879 360
360 859
859 467
467 737
737 963
963 711
711 764
764 560
560 211
211 238
238 134
134 550
550 23
23 651
651 130
130 425
425 395
395 803
803 553
553 731
731 531
531 835
835 777
777 336
336 614
614 567
567 891
891 709
709 169
169 279
279 929
929 204
204 967
967 618
618 236
236 488
488 588
588 601
601 562
562 566
566 754
754 823
823 489
489 701
701 292
292 759
759 274
274 89
89 258
258 773
773 686
686 779
779 848
848 307
307 319
319 650
650 665
665 259
259 824
824 323
323 852
852 605
605 633
633 327
327 881
881 431
431 574
574 649
649 39
39 62
62 806
806 486
486 63
63 819
819 729
729 580
580 286
286 847
847 924
924 458
458 683
683 125
125 568
568 757
757 5
5 97
97 892
892 965
965 234
234 882
882 70
70 917
917 613
613 703
703 11
11 765
765 598
598 140
140 830
830 439
439 69
69 200
200 979
979 723
723 641
641 783
783 484
484 726
726 382
382 981
981 956
956 205
205 741
741 579
579 240
240 899
899 499
499 556
556 391
391 422
422 989
989 43
43 195
195 647
647 536
536 915
915 625
625 311
311 426
426 218
218 339
339 225
225 786
786 947
947 558
558 222
222 104
104 407
407 93
93 260
260 3
3 455
455 763
763 821
821 998
998 469
469 452
452 973
973 128
128 344
344 798
798 829
829 909
909 657
657 583
583 464
464 15
15 369
369 383
383 876
876 112
112 804
804 663
663 427
427 863
863 449
449 478
478 132
132 117
117 996
996 138
138 320
320 393
393 315
315 861
861 546
546 213
213 329
329 331
331 44
44 384
384 334
334 817
817 179
179 60
60 846
846 919
919 980
980 794
794 797
797 461
461 938
938 577
577 264
264 366
366 908
908 348
348 176
176 957
957 400
400 978
978 362
362 50
50 399
399 697
697 576
576 866
866 543
543 372
372 619
619 74
74 903
903 370
370 954
954 782
782 615
615 466
466 293
293 164
164 943
943 893
893 739
739 123
123 314
314 275
275 672
672 642
642 150
150 982
982 440
440 85
85 727
727 83
83 724
724 437
437 189
189 100
100 685
685 946
946 713
713 875
875 869
869 643
643 436
436 792
792 283
283 992
992 271
271 17
17 539
539 500
500 462
462 838
838 192
192 387
387 233
233 913
913 616
616 288
288 504
504 952
952 593
593 931
931 635
635 878
878 417
417 704
704 40
40 706
706 889
889 298
298 738
738 522
522 925
925 73
73 253
253 232
232 463
463 290
290 105
105 760
760 496
496 87
87 41
41 416
416 142
142 36
36 495
495 221
221 242
242 772
772 477
477 111
111 166
166 640
640 78
78 960
960 55
55 671
671 897
897 356
356 900
900 9
9 966
966 161
161 291
291 874
874 995
995 231
231 971
971 389
389 99
99 280
280 751
751 33
33 856
856 807
807 789
789 127
127 984
984 216
216 124
124 901
901 750
750 565
565 519
519 194
194 991
991 527
527 203
203 318
318 114
114 227
227 109
109 758
758 106
106 408
408 198
198 209
209 137
137 507
507 316
316 210
210 172
172 826
826 177
177 883
883 333
333 841
841 842
842 187
187 898
898 456
456 141
141 297
297 68
68 368
368 673
673 465
465 732
732 296
296 246
246 693
693 332
332 617
617 385
385 585
585 525
525 814
814 637
637 696
696 48
48 667
667 390
390 809
809 563
563 207
207 49
49 295
295 871
871 551
551 442
442 590
590 941
941 890
890 247
247 107
107 627
627 364
364 14
14 630
630 474
474 45
45 120
120 788
788 220
220 623
623 61
61 666
666 398
398 699
699 377
377 815
815 621
621 312
312 949
949 277
277 646
646 480
480 993
993 421
421 241
241 921
921 776
776 722
722 490
490 873
873 857
857 492
492 749
749 278
278 969
969 518
518 409
409 975
975 147
147 678
678 679
679 549
549 66
66 511
511 636
636 502
502 928
928 413
413 103
103 52
52 632
632 717
717 404
404 599
599 29
29 586
586 67
67 276
276 42
42 659
659 7
7 694
694 573
573 854
854 977
977 948
948 305
305 178
178 239
239 748
748 171
171 721
721 561
561 628
628 740
740 505
505 248
248 245
245 80
80 974
974 920
920 357
357 514
514 840
840 572
572 529
529 953
953 38
38 157
157 922
922 581
581 624
624 26
26 381
381 644
644 118
118 702
702 471
471 350
350 592
592 540
540 771
771 328
328 84
84 401
401 972
972 796
796 355
355 472
472 351
351 987
987 506
506 485
485 475
475 564
564 833
833 746
746 31
31 825
825 523
523 53
53 282
282 301
301 175
175 397
397 756
756 493
493 186
186 262
262 530
530 720
720 801
801 180
180 151
151 509
509 352
352 600
600 676
676 664
664 454
454 832
832 57
57 12
12 802
802 136
136 828
828 571
571 983
983 457
457 13
13 755
755 30
30 144
144 837
837 388
388 54
54 8
8 183
183 415
415 682
682 787
787 515
515 836
836 548
548 65
65 56
56 591
591 212
212 914
914 902
902 690
690 190
190 608
608 335
335 800
800 528
528 473
473 985
985 181
181 791
791 1000
1 266
1 362
926 162
491 954
579 195
217 328
112 328
918 195
537 195
736 436
1 1000
1 326
326 266
266 405
405 524
524 926
926 661
661 162
162 304
304 257
257 81
81 918
918 251
251 406
406 403
403 716
716 638
638 865
865 870
870 201
201 285
285 363
363 374
374 752
752 18
18 905
905 460
460 153
153 735
735 152
152 300
300 896
896 324
324 193
193 309
309 538
538 289
289 939
939 545
545 412
412 354
354 265
265 453
453 675
675 367
367 520
520 620
620 533
533 428
428 223
223 674
674 689
689 154
154 513
513 537
537 990
990 535
535 359
359 516
516 37
37 281
281 775
775 734
734 812
812 129
129 607
607 736
736 168
168 294
294 361
361 999
999 700
700 677
677 853
853 47
47 844
844 90
90 21
21 927
927 250
250 353
353 215
215 197
197 843
843 188
188 933
933 584
584 432
432 423
423 695
695 199
199 217
217 451
451 75
75 501
501 146
146 35
35 313
313 744
744 77
77 167
167 885
885 517
517 962
962 380
380 229
229 429
429 904
904 958
958 951
951 808
808 784
784 658
658 268
268 76
76 725
725 932
932 710
710 894
894 482
482 818
818 375
375 133
133 342
342 483
483 302
302 606
606 631
631 886
886 182
182 102
102 256
256 810
810 267
267 589
589 587
587 349
349 185
185 347
347 479
479 71
71 868
868 864
864 249
249 410
410 872
872 321
321 243
243 450
450 19
19 884
884 378
378 923
923 653
653 691
691 174
174 184
184 578
578 121
121 244
244 582
582 602
602 629
629 135
135 149
149 255
255 935
935 780
780 434
434 224
224 906
906 950
950 964
964 997
997 555
555 753
753 719
719 173
173 712
712 512
512 418
418 345
345 714
714 438
438 28
28 805
805 95
95 508
508 544
544 4
4 655
655 968
968 148
148 849
849 521
521 822
822 774
774 419
419 435
435 252
252 24
24 444
444 430
430 191
191 880
880 230
230 707
707 770
770 206
206 373
373 119
119 526
526 208
208 648
648 64
64 270
270 108
108 96
96 411
411 534
534 273
273 34
34 306
306 936
936 645
645 850
850 816
816 728
728 447
447 867
867 91
91 595
595 785
785 937
937 202
202 424
424 219
219 596
596 165
165 468
468 22
22 287
287 32
32 110
110 542
542 299
299 652
652 994
994 27
27 940
940 310
310 159
159 831
831 970
970 503
503 445
445 470
470 284
284 303
303 855
855 338
338 743
743 834
834 813
813 441
441 888
888 811
811 101
101 895
895 910
910 160
160 715
715 155
155 611
611 916
916 308
308 742
742 790
790 139
139 552
552 554
554 877
877 547
547 330
330 170
170 2
2 337
337 214
214 781
781 858
858 46
46 660
660 612
612 934
934 795
795 226
226 459
459 793
793 730
730 343
343 912
912 402
402 559
559 510
510 131
131 497
497 687
687 955
955 907
907 662
662 158
158 396
396 541
541 532
532 88
88 604
604 498
498 392
392 163
163 575
575 86
86 487
487 769
769 944
944 768
768 58
58 860
860 10
10 845
845 98
98 414
414 346
346 851
851 976
976 634
634 196
196 945
945 684
684 237
237 325
325 609
609 762
762 930
930 839
839 365
365 272
272 799
799 626
626 269
269 820
820 668
668 358
358 670
670 16
16 778
778 594
594 669
669 20
20 371
371 433
433 680
680 557
557 446
446 72
72 959
959 122
122 145
145 688
688 116
116 261
261 126
126 79
79 443
443 494
494 961
961 988
988 394
394 25
25 761
761 92
92 94
94 569
569 767
767 911
911 51
51 733
733 862
862 705
705 341
341 597
597 481
481 340
340 6
6 827
827 386
386 766
766 376
376 622
622 263
263 228
228 708
708 254
254 235
235 639
639 113
113 745
745 59
59 942
942 476
476 603
603 887
887 491
491 656
656 317
317 379
379 115
115 322
322 143
143 570
570 82
82 448
448 986
986 156
156 610
610 747
747 692
692 718
718 420
420 681
681 654
654 698
698 879
879 360
360 859
859 467
467 737
737 963
963 711
711 764
764 560
560 211
211 238
238 134
134 550
550 23
23 651
651 130
130 425
425 395
395 803
803 553
553 731
731 531
531 835
835 777
777 336
336 614
614 567
567 891
891 709
709 169
169 279
279 929
929 204
204 967
967 618
618 236
236 488
488 588
588 601
601 562
562 566
566 754
754 823
823 489
489 701
701 292
292 759
759 274
274 89
89 258
258 773
773 686
686 779
779 848
848 307
307 319
319 650
650 665
665 259
259 824
824 323
323 852
852 605
605 633
633 327
327 881
881 431
431 574
574 649
649 39
39 62
62 806
806 486
486 63
63 819
819 729
729 580
580 286
286 847
847 924
924 458
458 683
683 125
125 568
568 757
757 5
5 97
97 892
892 965
965 234
234 882
882 70
70 917
917 613
613 703
703 11
11 765
765 598
598 140
140 830
830 439
439 69
69 200
200 979
979 723
723 641
641 783
783 484
484 726
726 382
382 981
981 956
956 205
205 741
741 579
579 240
240 899
899 499
499 556
556 391
391 422
422 989
989 43
43 195
195 647
647 536
536 915
915 625
625 311
311 426
426 218
218 339
339 225
225 786
786 947
947 558
558 222
222 104
104 407
407 93
93 260
260 3
3 455
455 763
763 821
821 998
998 469
469 452
452 973
973 128
128 344
344 798
798 829
829 909
909 657
657 583
583 464
464 15
15 369
369 383
383 876
876 112
112 804
804 663
663 427
427 863
863 449
449 478
478 132
132 117
117 996
996 138
138 320
320 393
393 315
315 861
861 546
546 213
213 329
329 331
331 44
44 384
384 334
334 817
817 179
179 60
60 846
846 919
919 980
980 794
794 797
797 461
461 938
938 577
577 264
264 366
366 908
908 348
348 176
176 957
957 400
400 978
978 362
362 50
50 399
399 697
697 576
576 866
866 543
543 372
372 619
619 74
74 903
903 370
370 954
954 782
782 615
615 466
466 293
293 164
164 943
943 893
893 739
739 123
123 314
314 275
275 672
672 642
642 150
150 982
982 440
440 85
85 727
727 83
83 724
724 437
437 189
189 100
100 685
685 946
946 713
713 875
875 869
869 643
643 436
436 792
792 283
283 992
992 271
271 17
17 539
539 500
500 462
462 838
838 192
192 387
387 233
233 913
913 616
616 288
288 504
504 952
952 593
593 931
931 635
635 878
878 417
417 704
704 40
40 706
706 889
889 298
298 738
738 522
522 925
925 73
73 253
253 232
232 463
463 290
290 105
105 760
760 496
496 87
87 41
41 416
416 142
142 36
36 495
495 221
221 242
242 772
772 477
477 111
111 166
166 640
640 78
78 960
960 55
55 671
671 897
897 356
356 900
900 9
9 966
966 161
161 291
291 874
874 995
995 231
231 971
971 389
389 99
99 280
280 751
751 33
33 856
856 807
807 789
789 127
127 984
984 216
216 124
124 901
901 750
750 565
565 519
519 194
194 991
991 527
527 203
203 318
318 114
114 227
227 109
109 758
758 106
106 408
408 198
198 209
209 137
137 507
507 316
316 210
210 172
172 826
826 177
177 883
883 333
333 841
841 842
842 187
187 898
898 456
456 141
141 297
297 68
68 368
368 673
673 465
465 732
732 296
296 246
246 693
693 332
332 617
617 385
385 585
585 525
525 814
814 637
637 696
696 48
48 667
667 390
390 809
809 563
563 207
207 49
49 295
295 871
871 551
551 442
442 590
590 941
941 890
890 247
247 107
107 627
627 364
364 14
14 630
630 474
474 45
45 120
120 788
788 220
220 623
623 61
61 666
666 398
398 699
699 377
377 815
815 621
621 312
312 949
949 277
277 646
646 480
480 993
993 421
421 241
241 921
921 776
776 722
722 490
490 873
873 857
857 492
492 749
749 278
278 969
969 518
518 409
409 975
975 147
147 678
678 679
679 549
549 66
66 511
511 636
636 502
502 928
928 413
413 103
103 52
52 632
632 717
717 404
404 599
599 29
29 586
586 67
67 276
276 42
42 659
659 7
7 694
694 573
573 854
854 977
977 948
948 305
305 178
178 239
239 748
748 171
171 721
721 561
561 628
628 740
740 505
505 248
248 245
245 80
80 974
974 920
920 357
357 514
514 840
840 572
572 529
529 953
953 38
38 157
157 922
922 581
581 624
624 26
26 381
381 644
644 118
118 702
702 471
471 350
350 592
592 540
540 771
771 328
328 84
84 401
401 972
972 796
796 355
355 472
472 351
351 987
987 506
506 485
485 475
475 564
564 833
833 746
746 31
31 825
825 523
523 53
53 282
282 301
301 175
175 397
397 756
756 493
493 186
186 262
262 530
530 720
720 801
801 180
180 151
151 509
509 352
352 600
600 676
676 664
664 454
454 832
832 57
57 12
12 802
802 136
136 828
828 571
571 983
983 457
457 13
13 755
755 30
30 144
144 837
837 388
388 54
54 8
8 183
183 415
415 682
682 787
787 515
515 836
836 548
548 65
65 56
56 591
591 212
212 914
914 902
902 690
690 190
190 608
608 335
335 800
800 528
528 473
473 985
985 181
181 791
791 1000
2000
0
1
2
3
4
5
6
7
8
9
10
11
12
13
14
15
16
17
18
19
20
21
22
23
24
25
26
27
28
29
30
31
32
33
34
35
36
37
38
39
40
41
42
43
44
45
46
47
48
49
50
51
52
53
54
55
56
57
58
59
60
61
62
63
64
65
66
67
68
69
70
71
72
73
74
75
76
77
78
79
80
81
82
83
84
85
86
87
88
89
90
91
92
93
94
95
96
97
98
99
100
101
102
103
104
105
106
107
108
109
110
111
112
113
114
115
116
117
118
119
120
121
122
123
124
125
126
127
128
129
130
131
132
133
134
135
136
137
138
139
140
141
142
143
144
145
146
147
148
149
150
151
152
153
154
155
156
157
158
159
160
161
162
163
164
165
166
167
168
169
170
171
172
173
174
175
176
177
178
179
180
181
182
183
184
185
186
187
188
189
190
191
192
193
194
195
196
197
198
199
200
201
202
203
204
205
206
207
208
209
210
211
212
213
214
215
216
217
218
219
220
221
222
223
224
225
226
227
228
229
230
231
232
233
234
235
236
237
238
239
240
241
242
243
244
245
246
247
248
249
250
251
252
253
254
255
256
257
258
259
260
261
262
263
264
265
266
267
268
269
270
271
272
273
274
275
276
277
278
279
280
281
282
283
284
285
286
287
288
289
290
291
292
293
294
295
296
297
298
299
300
301
302
303
304
305
306
307
308
309
310
311
312
313
314
315
316
317
318
319
320
321
322
323
324
325
326
327
328
329
330
331
332
333
334
335
336
337
338
339
340
341
342
343
344
345
346
347
348
349
350
351
352
353
354
355
356
357
358
359
360
361
362
363
364
365
366
367
368
369
370
371
372
373
374
375
376
377
378
379
380
381
382
383
384
385
386
387
388
389
390
391
392
393
394
395
396
397
398
399
400
401
402
403
404
405
406
407
408
409
410
411
412
413
414
415
416
417
418
419
420
421
422
423
424
425
426
427
428
429
430
431
432
433
434
435
436
437
438
439
440
441
442
443
444
445
446
447
448
449
450
451
452
453
454
455
456
457
458
459
460
461
462
463
464
465
466
467
468
469
470
471
472
473
474
475
476
477
478
479
480
481
482
483
484
485
486
487
488
489
490
491
492
493
494
495
496
497
498
499
500
501
502
503
504
505
506
507
508
509
510
511
512
513
514
515
516
517
518
519
520
521
522
523
524
525
526
527
528
529
530
531
532
533
534
535
536
537
538
539
540
541
542
543
544
545
546
547
548
549
550
551
552
553
554
555
556
557
558
559
560
561
562
563
564
565
566
567
568
569
570
571
572
573
574
575
576
577
578
579
580
581
582
583
584
585
586
587
588
589
590
591
592
593
594
595
596
597
598
599
600
601
602
603
604
605
606
607
608
609
610
611
612
613
614
615
616
617
618
619
620
621
622
623
624
625
626
627
628
629
630
631
632
633
634
635
636
637
638
639
640
641
642
643
644
645
646
647
648
649
650
651
652
653
654
655
656
657
658
659
660
661
662
663
664
665
666
667
668
669
670
671
672
673
674
675
676
677
678
679
680
681
682
683
684
685
686
687
688
689
690
691
692
693
694
695
696
697
698
699
700
701
702
703
704
705
706
707
708
709
710
711
712
713
714
715
716
717
718
719
720
721
722
723
724
725
726
727
728
729
730
731
732
733
734
735
736
737
738
739
740
741
742
743
744
745
746
747
748
749
750
751
752
753
754
755
756
757
758
759
760
761
762
763
764
765
766
767
768
769
770
771
772
773
774
775
776
777
778
779
780
781
782
783
784
785
786
787
788
789
790
791
792
793
794
795
796
797
798
799
800
801
802
803
804
805
806
807
808
809
810
811
812
813
814
815
816
817
818
819
820
821
822
823
824
825
826
827
828
829
830
831
832
833
834
835
836
837
838
839
840
841
842
843
844
845
846
847
848
849
850
851
852
853
854
855
856
857
858
859
860
861
862
863
864
865
866
867
868
869
870
871
872
873
874
875
876
877
878
879
880
881
882
883
884
885
886
887
888
889
890
891
892
893
894
895
896
897
898
899
900
901
902
903
904
905
906
907
908
909
910
911
912
913
914
915
916
917
918
919
920
921
922
923
924
925
926
927
928
929
930
931
932
933
934
935
936
937
938
939
940
941
942
943
944
945
946
947
948
949
950
951
952
953
954
955
956
957
958
959
960
961
962
963
964
965
966
967
968
969
970
971
972
973
974
975
976
977
978
979
980
981
982
983
984
985
986
987
988
989
990
991
992
993
994
995
996
997
998
999
1000
1001
1002
1003
1004
1005
1006
1007
1008
1009
1010
1011
1012
1013
1014
1015
1016
1017
1018
1019
1020
1021
1022
1023
1024
1025
1026
1027
1028
1029
1030
1031
1032
1033
1034
1035
1036
1037
1038
1039
1040
1041
1042
1043
1044
1045
1046
1047
1048
1049
1050
1051
1052
1053
1054
1055
1056
1057
1058
1059
1060
1061
1062
1063
1064
1065
1066
1067
1068
1069
1070
1071
1072
1073
1074
1075
1076
1077
1078
1079
1080
1081
1082
1083
1084
1085
1086
1087
1088
1089
1090
1091
1092
1093
1094
1095
1096
1097
1098
1099
1100
1101
1102
1103
1104
1105
1106
1107
1108
1109
1110
1111
1112
1113
1114
1115
1116
1117
1118
1119
1120
1121
1122
1123
1124
1125
1126
1127
1128
1129
1130
1131
1132
1133
1134
1135
1136
1137
1138
1139
1140
1141
1142
1143
1144
1145
1146
1147
1148
1149
1150
1151
1152
1153
1154
1155
1156
1157
1158
1159
1160
1161
1162
1163
1164
1165
1166
1167
1168
1169
1170
1171
1172
1173
1174
1175
1176
1177
1178
1179
1180
1181
1182
1183
1184
1185
1186
1187
1188
1189
1190
1191
1192
1193
1194
1195
1196
1197
1198
1199
1200
1201
1202
1203
1204
1205
1206
1207
1208
1209
1210
1211
1212
1213
1214
1215
1216
1217
1218
1219
1220
1221
1222
1223
1224
1225
1226
1227
1228
1229
1230
1231
1232
1233
1234
1235
1236
1237
1238
1239
1240
1241
1242
1243
1244
1245
1246
1247
1248
1249
1250
1251
1252
1253
1254
1255
1256
1257
1258
1259
1260
1261
1262
1263
1264
1265
1266
1267
1268
1269
1270
1271
1272
1273
1274
1275
1276
1277
1278
1279
1280
1281
1282
1283
1284
1285
1286
1287
1288
1289
1290
1291
1292
1293
1294
1295
1296
1297
1298
1299
1300
1301
1302
1303
1304
1305
1306
1307
1308
1309
1310
1311
1312
1313
1314
1315
1316
1317
1318
1319
1320
1321
1322
1323
1324
1325
1326
1327
1328
1329
1330
1331
1332
1333
1334
1335
1336
1337
1338
1339
1340
1341
1342
1343
1344
1345
1346
1347
1348
1349
1350
1351
1352
1353
1354
1355
1356
1357
1358
1359
1360
1361
1362
1363
1364
1365
1366
1367
1368
1369
1370
1371
1372
1373
1374
1375
1376
1377
1378
1379
1380
1381
1382
1383
1384
1385
1386
1387
1388
1389
1390
1391
1392
1393
1394
1395
1396
1397
1398
1399
1400
1401
1402
1403
1404
1405
1406
1407
1408
1409
1410
1411
1412
1413
1414
1415
1416
1417
1418
1419
1420
1421
1422
1423
1424
1425
1426
1427
1428
1429
1430
1431
1432
1433
1434
1435
1436
1437
1438
1439
1440
1441
1442
1443
1444
1445
1446
1447
1448
1449
1450
1451
1452
1453
1454
1455
1456
1457
1458
1459
1460
1461
1462
1463
1464
1465
1466
1467
1468
1469
1470
1471
1472
1473
1474
1475
1476
1477
1478
1479
1480
1481
1482
1483
1484
1485
1486
1487
1488
1489
1490
1491
1492
1493
1494
1495
1496
1497
1498
1499
1500
1501
1502
1503
1504
1505
1506
1507
1508
1509
1510
1511
1512
1513
1514
1515
1516
1517
1518
1519
1520
1521
1522
1523
1524
1525
1526
1527
1528
1529
1530
1531
1532
1533
1534
1535
1536
1537
1538
1539
1540
1541
1542
1543
1544
1545
1546
1547
1548
1549
1550
1551
1552
1553
1554
1555
1556
1557
1558
1559
1560
1561
1562
1563
1564
1565
1566
1567
1568
1569
1570
1571
1572
1573
1574
1575
1576
1577
1578
1579
1580
1581
1582
1583
1584
1585
1586
1587
1588
1589
1590
1591
1592
1593
1594
1595
1596
1597
1598
1599
1600
1601
1602
1603
1604
1605
1606
1607
1608
1609
1610
1611
1612
1613
1614
1615
1616
1617
1618
1619
1620
1621
1622
1623
1624
1625
1626
1627
1628
1629
1630
1631
1632
1633
1634
1635
1636
1637
1638
1639
1640
1641
1642
1643
1644
1645
1646
1647
1648
1649
1650
1651
1652
1653
1654
1655
1656
1657
1658
1659
1660
1661
1662
1663
1664
1665
1666
1667
1668
1669
1670
1671
1672
1673
1674
1675
1676
1677
1678
1679
1680
1681
1682
1683
1684
1685
1686
1687
1688
1689
1690
1691
1692
1693
1694
1695
1696
1697
1698
1699
1700
1701
1702
1703
1704
1705
1706
1707
1708
1709
1710
1711
1712
1713
1714
1715
1716
1717
1718
1719
1720
1721
1722
1723
1724
1725
1726
1727
1728
1729
1730
1731
1732
1733
1734
1735
1736
1737
1738
1739
1740
1741
1742
1743
1744
1745
1746
1747
1748
1749
1750
1751
1752
1753
1754
1755
1756
1757
1758
1759
1760
1761
1762
1763
1764
1765
1766
1767
1768
1769
1770
1771
1772
1773
1774
1775
1776
1777
1778
1779
1780
1781
1782
1783
1784
1785
1786
1787
1788
1789
1790
1791
1792
1793
1794
1795
1796
1797
1798
1799
1800
1801
1802
1803
1804
1805
1806
1807
1808
1809
1810
1811
1812
1813
1814
1815
1816
1817
1818
1819
1820
1821
1822
1823
1824
1825
1826
1827
1828
1829
1830
1831
1832
1833
1834
1835
1836
1837
1838
1839
1840
1841
1842
1843
1844
1845
1846
1847
1848
1849
1850
1851
1852
1853
1854
1855
1856
1857
1858
1859
1860
1861
1862
1863
1864
1865
1866
1867
1868
1869
1870
1871
1872
1873
1874
1875
1876
1877
1878
1879
1880
1881
1882
1883
1884
1885
1886
1887
1888
1889
1890
1891
1892
1893
1894
1895
1896
1897
1898
1899
1900
1901
1902
1903
1904
1905
1906
1907
1908
1909
1910
1911
1912
1913
1914
1915
1916
1917
1918
1919
1920
1921
1922
1923
1924
1925
1926
1927
1928
1929
1930
1931
1932
1933
1934
1935
1936
1937
1938
1939
1940
1941
1942
1943
1944
1945
1946
1947
1948
1949
1950
1951
1952
1953
1954
1955
1956
1957
1958
1959
1960
1961
1962
1963
1964
1965
1966
1967
1968
1969
1970
1971
1972
1973
1974
1975
1976
1977
1978
1979
1980
1981
1982
1983
1984
1985
1986
1987
1988
1989
1990
1991
1992
1993
1994
1995
1996
1997
1998
1999
