100 1496 1000000
0 24 76805
45 4 74859
35 1 10
6 50 254
78 1 16
29 1 9
83 1 6
44 58 150
14 11 6390
63 21 490434
38 26 9338
24 14 914
66 1 11
1 57 13574
24 9 15
75 1 4
83 1 8
6 42 140785
44 87 11083
44 85 62644
22 45 3349
47 1 1
61 29 7985
8 1 0
44 16 10519
11 92 3928
96 1 2
74 1 2
18 3 666102
3 12 120
18 1 9
72 1 9
93 1 3
55 39 90724
88 1 3
78 67 110232
12 1 4
71 1 12
98 88 373207
17 1 3
88 3 214135
5 36 187142
51 1 0
96 23 152019
0 9 10
61 1 8
21 65 1199
6 5 12
51 98 13713
12 74 19376
51 1 47
69 94 114513
13 5 88170
45 57 2444
66 1 4
94 1 9
56 13 15946
27 83 357863
98 71 311630
11 1 3
69 5 9
17 21 8
40 92 4777
49 50 139806
20 2 7
10 53 583109
71 94 47891
41 28 541
90 1 9
28 1 0
55 91 85241
56 80 63832
10 1 5
85 44 7798
94 1 3
71 98 132127
17 21 283607
56 1 4
75 1 8
8 89 1847
74 1 3
68 1 15
90 85 1403
18 2 11
9 75 867771
43 41 88038
41 2 1248
51 33 844070
26 28 57640
26 1 14
99 1 11
22 76 1945
35 1 5
21 1 9
56 1 6
96 54 195
26 11 22
81 1 270795
3 1 8
3 8 23544
87 1 1
21 2 18
12 1 3
73 1 29
81 31 5974
78 1 10
72 1 6
6 13 30
75 71 3315
87 1 2
8 77 2454
47 1 12
34 1 2
83 1 10
87 1 12
29 1 20
44 1 1
34 58 641
8 6 11
34 1 15
81 31 33201
71 1 9
40 1 4
47 2 19
66 83 3921
35 1 4
45 72 520
17 86 723
67 18 2037
96 7 3968
89 21 130903
11 95 1756
70 41 8600
1 77 166218
74 1 7
38 70 891197
35 1 6
74 43 162
29 1 3
0 2 31
52 23 743752
44 7 9846
56 2 8
18 1 2
68 1 9
56 97 9805
75 1 3
44 36 838285
99 15 5549
74 90 7057
70 35 10432
78 1 2965
59 1 1
93 1 425
66 1 3
22 1 3
93 1 2
58 52 4318
69 1 4
14 1 8
40 25 7
92 52 61925
70 1 0
0 64 239365
50 1 8
51 79 1076
78 1 6
47 26 24339
59 38 847
17 21 4385
30 50 86163
77 99 681477
35 1 8
88 92 3790
71 33 25856
75 72 15871
70 1 1
44 47 291971
0 21 846034
13 1 2
88 64 10114
73 18 941
56 14 37
24 1 0
1 65 261
52 95 531
34 1 18
88 83 801
44 79 619305
96 85 64
83 1 2
80 92 107857
40 16 596225
29 1 8
69 1 6
6 1 9
26 1 11
95 1 0
29 24 1243
12 1 10
58 26 158
10 49 68898
85 1 3
73 62 99
61 1 2
75 1 12
8 30 551
95 11 18
69 1 3
34 1 12
63 4 182
71 1 16
24 1 3
29 1 13
99 1 9
28 20 502982
93 15 26
12 1 13
87 41 60086
87 1 9
58 1 6
14 2 11
14 38 2964
11 74 126
4 39 76669
12 1 11
41 1 1
12 67 68
66 1 1
68 73 203870
32 56 3356
62 67 1784
72 1 5
79 51 1229
70 51 5592
41 1 6
6 1 8
85 89 325
4 65 21111
78 1 1
52 73 11078
20 1 1
70 1 3
8 76 1091
71 65 71
75 56 43308
9 41 120391
4 83 9766
66 1 8
78 1 5
77 27 25168
11 2 7
52 25 27
99 1 12
34 1 11
13 1 3
77 68 7062
61 82 4747
6 93 6858
16 42 9170
52 75 1287
47 41 77804
17 1 5
78 1 12
3 3 4
35 1 7
41 19 1121
68 1 4
73 98 4077
3 50 3819
45 53 3097
10 77 84753
10 1 4
71 55 130762
35 33 179528
35 1 11
47 1 10
90 57 59025
91 1 5
80 5 20
3 15 10245
66 87 7033
15 77 328597
99 5 83599
77 32 6330
81 16 8015
58 1 2
1 48 68149
68 1 18
79 2 9
60 59 92467
49 11 11100
59 3 4
34 1 40
68 55 24181
69 57 49
35 1 3
92 12 1464
69 3 15
18 1 5
71 1 6
93 1 0
49 80 4347
78 1 3
87 1 8
67 20 11585
11 10 672
88 30 200
16 44 1083
41 1 2
26 74 677353
24 96 395907
5 68 60150
32 1 1
11 28 2155
75 43 35
0 99 63207
70 1 13
50 60 24772
89 93 1719
80 1 5
3 1 3
73 2 8
5 73 1729
74 1 1
52 1 2
12 98 3489
26 1 17
75 90 381
11 1 1
91 1 1
58 1 11
0 1 7
13 1 4
1 14 23037
10 31 67
79 1 0
88 2 4
47 1 7
66 1 15
18 1 4
27 75 430958
26 1 2
96 52 3575
82 22 17
79 19 807
21 1 10
90 1 1
83 3 15
10 1 6
56 1 3
60 5 18820
94 1 0
21 1 13
26 1 8
10 2 10
13 1 11
55 34 144756
12 35 669321
79 1 2
92 1 16326
26 1 12
94 1 2
43 69 9598
80 1 9
1 53 21620
14 1 1
21 31 281880
40 55 87
41 48 404622
79 1 6
41 1 14
58 57 36585
41 1 5
20 93 1062
26 11 19199
70 60 25791
26 1 3
74 15 19501
45 1 5
87 1 3
26 1 18
12 34 16614
66 1 5
11 12 945
18 14 22
79 1 3
29 1 6
85 65 552
82 41 869
75 98 16572
90 1 2
90 1 11
25 70 79673
13 1 8
85 7 8
34 3 19
99 39 100402
34 1 8
58 1 3
69 1 7
32 77 70
95 67 43202
16 42 629566
49 29 572858
88 39 9728
58 50 5428
94 1 6
68 1 16
80 8 26774
73 1 0
88 1 1
3 11 10
51 1 2
52 1 8
0 72 202822
1 9 56
35 1 13
81 2 63340
62 35 43
32 38 3529
93 1 4
29 1 4
96 2 0
3 1 0
80 1 13
78 1 2
12 38 30
95 72 62928
24 10 5
41 1 18
69 69 7727
71 1 14
81 97 248
40 1 3
66 1 17
52 100 312562
49 28 834725
89 6 50637
4 30 227137
40 12 23997
0 14 3284
64 24 94475
32 1 0
8 97 39
47 1 6
87 1 6
63 5 28001
87 52 422795
13 8 703
6 51 362688
99 1 7
93 1 5
61 3 14
59 31 937
91 1 4
71 16 479733
47 1 13
3 56 1761
40 47 31101
99 1 1
35 82 696401
75 1 6
63 8 1092
73 53 266545
29 1 10
3 85 53768
1 32 22115
58 1 0
66 1 13
65 6 28
67 34 3947
74 3 20
83 1 1
25 73 246137
99 1 2
32 28 1960
1 89 3401
33 41 6323
94 50 31
41 43 159445
66 1 2
18 1 10
61 10 151283
87 55 697
90 1 4
8 92 23451
61 1 1
71 1 15
50 47 2264
74 6 456
27 1 0
3 85 532
0 1 5
30 10 167917
96 22 120225
6 74 203104
80 1 6
93 32 187
17 1 1
87 1 7
52 90 32927
47 1 3
39 72 2013
78 88 660336
45 1 0
80 61 4884
69 1 29
95 1 4
13 63 54957
93 60 6982
69 17 9191
80 72 601022
29 1 0
16 72 312024
26 1 6
76 84 9550
21 1 11
11 6 1408
21 1 6
94 1 11
52 69 964426
5 65 293
20 73 144
59 70 1453
56 1 0
51 4 4
68 1 7
41 54 87
15 75 74844
52 2 9
97 48 53780
26 2 20
55 60 38011
8 2 9
26 1 5
66 1 19
81 98 1440
67 34 656
91 71 2722
88 40 18783
10 27 182249
12 1 14
51 1 1
92 69 3308
22 23 597899
88 1 0
99 1 5
70 1 2
82 54 921
91 1 7
78 7 839
12 1 1
96 64 2412
28 1 2
89 31 299764
73 4 511
42 94 280341
94 1 5
14 1 4
95 1 11
58 1 4
94 85 120
62 78 174
83 1 7
69 1 2
62 94 4358
91 9 4850
87 1 20
40 3 173
52 7 20
18 2 17
28 1 12
99 13 81
90 74 15411
80 1 12
40 1 5
51 80 642
61 1 6
12 1 7
78 12 345440
73 1 4
0 1 9
58 45 281217
72 79 164931
26 19 187
16 2 33
68 59 945
29 1 2
59 71 129
55 67 35655
29 1 18
26 1 0
56 98 26726
52 1 7
47 5 22
93 87 3447
10 38 16039
21 1 15
75 3 14
47 1 15
50 1 3
43 64 340349
91 1 2
8 5 6028
2 61 38390
21 1 5
20 17 270
18 1 13
17 1 7
83 33 75
52 1 3
8 1 1
62 1 1
85 1 6
28 61 64
68 1 14
65 36 1004
52 1 1
73 1 7
13 1 10
71 55 363
38 39 66
80 83 52931
80 1 4
80 27 19465
75 59 127
93 28 32662
52 41 18338
14 1 0
29 3 22
11 68 493
56 51 53167
75 1 2
56 5 7328
51 1 3
11 6 1294
52 80 1482
35 1 1
11 1 4
79 15 118
99 1 10
13 1 6
51 77 63424
80 1 7
21 100 101599
78 1 0
31 1 214652
70 45 15
1 43 880
66 1 0
44 74 275383
99 1 13
65 14 92406
85 84 3997
40 1 2
47 1 16
71 1 7
50 71 138529
23 1 2
47 1 9
50 1 0
59 35 458
69 1 0
70 2 67
72 55 7567
17 1 4
72 1 4
73 88 49429
5 1 0
79 48 562844
80 19 442703
71 1 0
11 77 35
61 43 1400
70 1 11
95 98 88638
47 1 14
50 29 179748
41 1 11
91 1 6
58 66 146886
95 88 92
67 6 7
61 52 5519
17 1 0
99 63 6560
27 1 4
66 1 12
67 1 0
92 16 12671
93 1 10
72 35 46
10 66 256
50 1 7
75 95 12109
24 91 1001
1 89 126
29 1 15
71 25 27
68 1 413
26 1 16
22 94 326654
0 1 1
41 1 3
71 84 382666
0 1 6
68 1 1
3 65 11691
50 99 26
11 2 25836
71 1 5
6 13 25320
12 1 17
95 1 3
47 1 5
12 1 5
34 1 6
61 47 37
12 83 21743
73 4 305887
34 1 10
23 2 4
35 1 9
61 87 77539
64 38 47002
79 59 1511
11 1 5
20 54 12327
26 81 1977
27 41 317
35 68 57320
35 1 2
87 60 30
11 1 6
70 56 2710
93 83 741785
72 1 8
99 1 4
21 1 14
41 27 20237
18 1 6
28 1 1
39 80 199905
20 1 0
88 44 45
23 1 0
74 1 6
41 1 13
1 72 123866
34 1 5
62 1 2
6 1 6
35 1 0
94 1 7
14 72 62621
68 1 12
46 69 412314
1 65 8559
18 1 15
28 1 11
94 68 1532
12 1 6
83 22 49
59 24 7
61 51 62717
80 1 1
23 25 71989
3 63 241903
65 67 204685
44 1 3
78 2 14
81 77 244257
87 1 13
34 1 9
52 1 0
33 4 10972
19 4 295439
4 59 10144
88 49 90
37 67 216374
80 19 8900
90 1 5
41 1 10
10 93 18985
33 97 235509
94 91 584358
90 38 101
78 1 4
46 94 327218
72 88 13098
17 72 63921
47 1 17
96 26 2890
21 1 2
41 1 9
81 7 217
18 1 3
10 36 978589
65 12 147
8 1 3
16 14 29685
61 20 1112
99 79 343
79 30 23926
34 14 25
64 65 76861
77 31 14804
61 72 2532
34 1 1
92 13 472602
56 1 7
99 30 251
26 1 10
91 1 11
71 3 19
61 1 7
28 1 14
74 73 44055
70 1 9
34 1 0
95 32 1342
60 98 35087
6 1 7
79 1 5
35 1 12
69 3 21
13 1 12
62 18 23
20 2 2
89 77 101941
79 31 1823
13 56 10532
95 1 8
44 57 41022
6 6 17
53 35 977075
14 2 9
96 6 68145
56 95 5982
78 91 38835
44 40 95747
12 1 18
46 13 4308
13 89 27113
83 1 5
27 1 2
75 1 7
96 20 5
26 1 4
82 2 39
0 1 8
46 63 135933
9 93 15382
6 16 51
83 1 3
75 43 14529
66 1 6
91 5 43
66 1 18
67 13 221
29 1 14
51 42 233
3 28 21
18 1 7
91 3 18
29 1 11
87 1 5
96 16 28
24 57 12273
0 27 297914
62 1 0
6 69 88
12 1 0
76 24 476814
13 28 5740
28 59 185
3 1 2
81 90 741
45 68 92239
91 7 445346
58 45 30
45 1 1
74 15 2547
66 20 33
72 1 0
29 1 16
76 2 125294
26 1 7
84 9 89949
18 1 0
18 1 8
10 1 7
44 25 359283
90 6 20
47 1 0
17 1 2
62 91 1560
14 1 6
69 61 471038
6 1 0
29 70 25444
35 62 128477
71 1 2
13 32 23
85 29 883
95 1 5
29 1 7
93 1 9
65 63 860
62 1 5
21 83 131
61 1 5
72 1 3
70 1 6
81 48 955
34 1 4
46 65 197
58 1 1
50 11 9
29 1 19
91 1 9
93 1 1
10 81 320700
18 2 20
6 1 2
45 63 138326
73 1 6
78 98 51694
89 71 5573
70 1 7
94 1 1
61 1 0
28 2 26
91 1 8
35 1 14
78 68 15887
71 28 25801
6 17 68
26 1 1
41 1 7
70 1 8
18 99 229
0 48 136
87 1 16
62 21 2382
93 12 13
62 1 4
46 23 3
83 1 0
27 93 40108
27 1 3
51 19 62708
14 98 246652
11 1 2
92 1 0
11 97 376
23 1 1
4 14 6
72 75 13854
84 75 54965
12 1 2
9 68 34675
72 1 1
88 1 2
70 99 19084
22 5 25
56 1 1
59 2 13351
52 1 6
92 29 22496
28 30 20949
24 16 30
72 1 12
38 35 53337
66 27 232
20 90 251533
40 1 1
77 46 6372
21 1 12
23 26 55
61 1 4
31 57 139788
72 38 122430
51 100 3385
78 58 414
74 1 9
75 1 0
91 29 241952
96 58 42228
39 62 5794
65 20 562
12 1 12
75 27 40202
46 98 65065
13 2 13
88 44 70364
93 1 7
89 49 579941
32 21 17596
32 2 2
42 67 124412
78 39 391063
23 24 58119
22 1 2
88 75 131499
79 58 2155
73 1 5
14 1 5
69 73 650793
70 56 825500
33 12 8226
95 1 15
23 39 581252
89 51 18828
73 19 479
68 9 17429
13 1 7
70 1 5
21 1 4
84 99 311906
47 83 33267
23 1 3
72 82 22301
59 1 3
70 98 29140
75 84 740
68 1 13
15 29 5588
52 37 216
20 70 780037
26 86 61
94 88 386000
78 78 6700
66 22 87521
65 44 3338
14 4 341
42 55 489171
41 96 5207
9 70 78828
59 39 436494
49 6 378789
46 2 0
34 1 13
87 1 18
63 59 1510
94 1 10
74 18 30
28 1 4
83 11 20
72 32 195151
49 10 1815
71 1 10
71 2 17
21 76 21
69 1 5
9 60 6201
68 1 3
63 89 1138
29 1 1
67 2 1676
96 72 597
63 57 59943
75 1 10
8 5 19
35 2 16
96 31 2561
29 1 21
75 1 9
6 64 24117
85 8 277504
87 6 22
71 1 4
12 1 8
68 1 8
87 1 11
13 1 9
96 16 3755
87 1 17
52 4 13
68 1 10
0 51 222
78 2 57
12 1 21
23 1 441
45 76 9288
24 56 8005
45 25 12138
78 1 11
99 88 69830
39 11 4517
46 73 26817
91 1 0
66 1 14
21 3 806
95 1 7
34 1 7
83 15 405
75 1 5
27 53 79766
2 60 55654
90 1 6
59 1 0
35 24 69564
74 3 10
82 69 45324
87 23 2029
2 67 626345
78 24 499
50 27 32909
78 91 3186
29 25 32
22 1 0
62 5 618063
26 79 2190
71 1 1
8 2 6
3 52 207
31 29 284196
99 36 283
63 58 9251
99 16 36
78 1 9
94 1 8
38 72 962007
12 1 16
55 77 27847
41 1 8
24 1 2
85 1 7
83 1 9
26 1 9
90 29 3069
87 1 15
3 67 5137
13 1 0
21 10 9136
5 46 4251
82 57 4915
3 15 165921
80 1 14
52 1 11
52 1 4
66 1 9
87 1 14
38 66 356382
6 1 11
74 1 8
34 1 14
67 64 796473
34 33 1320
78 1 13
27 15 942
73 1 3
66 60 856786
46 19 33
32 86 998376
6 1 1
17 18 1204
95 1 9
50 1 2
93 100 3002
62 45 55264
1 50 4
80 2 15
79 52 20
96 57 324
65 9 55
45 74 655110
32 14 4
34 1 17
34 1 16
60 56 42006
49 93 44123
82 17 2090
68 1 5
80 79 910413
6 1 4
99 1 6
38 20 93887
99 1 8
28 93 268455
10 1 1
91 74 28064
51 39 120923
79 1 7
90 1 8
83 47 70861
26 1 15
65 34 20702
14 12 1261
20 14 13049
99 1 0
56 99 7666
93 1 6
52 1 5
18 1 1
69 1 26
66 1 10
95 1 10
42 8 809415
14 1 3
93 1 8
27 75 2151
95 9 735613
0 1 3
12 1 15
3 99 5833
78 1 7
50 1 6
0 98 471882
62 1 3
80 69 296
88 27 53822
38 3 6
88 15 1241
14 1 2
87 1 10
74 1 0
69 17 1569
28 1 10
27 6 7
99 1 3
26 62 89443
17 8 564752
47 1 11
34 1 3
13 97 2000
5 54 7747
89 47 33067
40 70 19125
88 7 14
12 1 19
56 2 10
60 1 74634
8 1 4
58 4 21
63 43 533
74 1 4
83 4 334679
50 67 1788
67 5 57
13 1 1
35 30 329106
17 23 302
11 1 0
87 19 164121
51 86 124
9 40 11988
55 86 480427
40 36 8281
21 1 8
90 1 10
26 1 13
73 1 2
10 1 3
62 4 10
41 1 15
43 1 334797
47 94 137886
83 1 4
62 73 350
80 1 2
76 69 95651
80 1 0
79 1 4
21 1 0
56 1 2
69 1 1
27 48 21376
22 1 1
95 1 2
10 1 8
16 54 55
21 1 7
85 22 2355
72 1 2
85 1 5
20 5 13216
59 1 2
29 21 493017
75 81 6380
68 1 17
68 1 11
24 53 126
59 57 754
14 55 15
63 55 8478
66 6 22
62 3 1655
73 1 1
41 1 12
72 5 15
80 81 78
24 96 240767
63 88 11020
79 87 422668
24 1 1
28 1 5
87 1 0
38 50 990
20 54 23071
20 68 1908
67 75 243
61 4 3425
35 60 1105
8 1 5
71 1 3
72 3 141
45 44 10
23 18 8
21 1 16
47 16 109
90 1 7
61 1 3
55 28 693678
39 21 126132
40 1 0
40 1 6
88 5 7
83 2 11
73 20 1701
56 1 27
47 1 4
45 1 4
91 60 209
90 22 373557
85 1 1
70 1 4
35 66 6329
46 34 821
35 45 7665
93 4 352
0 1 0
50 1 1
25 46 577344
11 72 588797
20 3 2199
32 93 15717
10 13 13
79 1 8
96 9 174
44 27 5
70 59 55375
29 1 17
73 31 863
40 25 261931
4 17 22435
96 27 150235
28 1 9
65 1 84870
73 49 527282
27 1 1
3 1 1
94 1 4
58 77 290
62 1 6
50 3 8158
79 6 14
80 38 35
50 1 4
61 2 11
58 3 136065
21 1 3
41 1 0
71 65 1346
1 47 742
68 1 2
66 1 7
50 1 5
68 1 0
71 1 11
76 12 160
92 1 1
74 65 63
10 16 183
10 35 619
10 1 9
41 1 4
23 89 194
13 1 5
75 1 1
41 52 415807
83 39 513
91 1 10
61 1 9
5 8 1
87 1 4
68 43 11481
35 8 70
14 1 7
66 1 16
51 1 34
28 1 3
8 47 7128
78 1 8
85 81 21622
29 1 5
26 1 19
80 1 11
28 2 16
95 56 390
38 16 10
74 1 5
85 77 169
68 67 2036
17 64 88776
90 1 3
72 38 5445
47 1 18
45 1 3
44 48 44
72 1 7
6 1 10
90 5 13
51 21 3642
0 1 4
56 82 6654
8 1 2
80 1 10
6 70 593874
21 33 511577
71 1 8
10 60 944825
56 96 483074
91 1 3
10 1 0
80 1 3
6 1 5
65 55 793162
67 93 564811
90 76 908960
63 58 669
49 58 49
95 1 6
76 67 493
99 55 1178
95 1 1
79 1 1
35 1 15
18 58 635546
68 1 6
68 43 22
18 1 14
28 1 7
56 55 3535
47 1 8
48 64 40008
80 1 8
28 1 8
55 5 190618
29 4 536
5 2 91942
46 33 1932
23 59 4355
84 70 161311
93 57 50630
17 12 37
71 1 13
6 1 3
11 98 979
35 62 8351
85 1 2
73 2 20
58 1 5
39 60 27431
61 1 10
90 1 0
85 1 0
56 17 1411
40 86 4268
10 1 2
23 35 3273
95 1 12
94 72 284369
90 1 12
11 68 3297
52 23 7898
0 1 2
29 38 280736
45 1 2
56 1 5
85 44 229661
21 1 1
12 1 9
10 50 22006
47 1 2
29 1 12
0 27 577827
9 32 6896
28 1 6
87 80 1174
90 96 36024
87 1 19
83 44 166959
99 91 663378
