100 2004 1000000
0 199396 43233
8 1 4
38 1 15
9 1 2
74 1 16
41 113487 117395
59 1 9
34 3414 38023
70 1 0
55 43 65
28 1 4
23 1 11
28 1 6
74 1 1
26 1 13
60 1 20
41 294 164
24 1 6
64 9085 4576
15 61 143
78 1 3
28 1 19
17 1 4
91 1 13
57 1 1
66 3 25
43 4960 3045
74 1 13
54 1 8
45 1 10
23 1 1
77 1 1
20 1 11
48 1 7
7 1 21
75 1 9
66 1 23
97 1 6
59 1 0
91 109 86
26 26 50
75 1 8
29 1 16
83 10 8
20 1 31
37 15 12
37 1001 701
27 1 7
48 1 8
35 1 3
79 1 9
66 1 12
23 73 123
21 1 0
28 1 5
91 1 4
42 64 562
28 1 15
7 1 18
68 1 4
10 2 11
28 1 18
0 1 1
26 1 1
33 1 5
20 480791 430880
33 52 125
88 1608 350
35 271437 23855
78 1 9
66 151481 45944
78 1 5
46 198 672
66 1 4
75 1 0
66 1 17
84 1 15
95 1 9
6 1 4
28 1 17
11 1 6
9 7781 25366
30 1 18
21 1 7
2 1 5
62 1 8
67 266473 14949
89 1768 14353
56 1 25
62 1 15
82 1 0
86 330391 220939
76 1 1
94 60 482
16 1 11
24 1 19
26 1 11
96 9291 2682
24 445 1801
7 1 1
22 1 17
15 37 53
13 1 6
29 1 12
78 1 7
94 1 1
70 599561 29478
7 1 9
27 1 4
60 1 18
68 1 6
40 1 19
96 137 649
99 1 6
95 1 8
11 1 19
1 1 3
45 1 23
56 1 11
43 1 13
39 117676 30919
79 1 5
91 1 3
21 1 29
68 1 5
1 88327 23610
70 15 14
53 3 16
1 1 9
94 1 13
94 1 15
78 17424 2444
8 4606 1226
79 1 17
60 1 23
84 1 24
47 5 10
47 1 2
30 9 2
38 1 9
66 1 2
32 1 11
84 34831 22418
97 1 8
14 68692 58714
15 55136 8925
69 964 81
38 1 0
5 1 13
80 15358 797
45 1 25
47 2 3
74 4636 1352
5 26 16
7 1 16
27 1 15
49 1 7
98 1 20
87 194096 5177
51 1 0
71 375 136
74 1 19
17 2 38
66 1 8
8 1 22
11 1 13
65 1 7
55 1 17
16 1 8
15 756980 85455
89 1 22
26 258585 340196
48 73180 44877
49 28 26
68 26730 11724
22 1 3
79 1 15
1 18 389
16 1 0
68 1 0
24 1 8
39 1 0
17 1 9
86 1 10
59 17 11
86 1 14
20 1 14
71 1 1
17 34 317
38 1 13
88 1 8
12 1 3
83 71 29
40 1 5
91 1 17
71 1 6
42 1 8
28 1 14
53 7 23
13 35 30
86 1 6
71 1 17
7 1 3
91 1 25
98 1 2
60 1 7
21 1 17
56 84653 263844
48 1 19
39 1 1
91 1 0
43 1 20
28 1 3
39 1 18
5 1 3
87 1 7
68 1 15
92 1 2
8 903342 26031
79 138798 74002
10 767 936
97 1 12
96 821466 24274
81 90470 64504
86 1 0
54 1 2
10 1 7
92 23178 217113
59 14511 27293
99 1 23
21 1 8
7 1 14
90 121 1276
3 1 5
99 1 16
51 529 579
69 1 9
38 30 125
17 1 18
16 1 9
43 29 78
54 1 17
91 1 29
76 18 21
84 1 16
92 43 371
77 1 5
22 1 20
94 287 39
39 1 15
56 1 8
17 1 2
38 1 14
40 1 18
56 1 30
65 1 17
83 13460 39547
6 10 28
17 1 22
5 1 15
71 9703 7774
59 1 2
89 1 14
17 59348 4177
52 22170 7475
65 1 22
35 1 2
5 1 11
46 55213 28672
87 1 2
68 1 8
56 1 1
99 47 46
26 1 19
20 1 12
84 1 17
75 1 3
4 32155 32740
20 67 62
27 1 5
47 1 1
91 1 32
21 1 11
43 1 14
96 173 787
2 1 9
93 26 32
65 2 33
78 1 12
43 1 2
68 1966 7370
99 1 8
25 62186 153888
9 1 5
27 136447 191111
97 1 25
5 1 0
29 1 15
4 1 6
10 1 9
10 1 3
2 1 8
29 1 4
65 1 29
4 1 0
9 1 1
77 623023 78867
34 859 395
25 8097 245838
99 458 117
2 1 4
91 1 19
74 1 18
56 33277 3173
22 1 6
93 1 6
99 1 18
93 1 9
62 1 5
86 1 7
15 1 3
72 47550 207251
8 1 0
23 1 7
60 1 8
54 1 5
29 2 26
21 4 81
27 1 6
57 10 454
84 1 5
99 1 12
93 1 11
1 1 27
13 1 3
53 1 9
26 1 3
38 211789 67174
36 119697 114879
80 327821 107682
33 79 252
98 1 24
57 2 2
91 2621 4973
42 914 992
3 1 4
43 1 9
3 2608 273
55 1 5
94 1 0
66 1 20
91 1 18
78 1 4
69 2 15
29 1 13
10 1 10
36 2086 861
16 1 2
56 1 29
93 8 16
31 22447 764
55 1 20
71 1 13
65 1 16
71 1 16
3 213295 516552
56 1 27
39 1 12
45 1 27
91 1 11
20 1 10
56 1 12
22 1 10
54 1 0
69 1 6
46 328 2995
39 1 2
38 1 10
42 1 17
65 1 28
49 1 11
62 1 13
75 1 1
78 319 2108
2 1 10
6 1 1
6 3 159
36 44637 4025
23 203589 12217
53 19 45
75 1 13
8 1 20
74 14 42
20 1 24
13 71106 91010
86 1 13
66 174 94
54 1 15
7 13204 476
43 4 47
26 1 8
16 27183 19246
56 1 19
79 1 6
29 1 18
45 1 24
42 21 42
45 1 12
4 1 5
78 1 15
60 1 15
87 1 5
29 1 20
11 613276 293617
54 79 599
9 1 3
7 1 2
59 1 1
11 1 9
88 166 176
74 1 9
84 1 8
15 1 17
46 56 3582
57 1 4
26 1 20
56 1 6
5 1 5
78 438 415
90 69478 874506
65 1 23
16 2652 1728
2 1 16
1 1 0
59 940 932
40 1 24
28 132512 28853
15 1 12
86 4223 925
71 1 0
42 61 306
64 1 1
11 1 5
9 264772 199518
24 1 15
13 1 1
60 1 19
35 1 0
26 54 204
45 1 0
56 9 33
78 1 8
89 1 7
25 7 24
86 44164 7987
88 1 1
17 1 5
23 1 12
91 1 24
40 14545 75169
38 1 3
32 1 3
13 1 9
21 1 26
89 1 19
12 101 32
40 1 17
44 89285 243109
57 111072 182320
53 3 12
1 1 15
56 1928 464
97 1 19
40 1653 96
54 2 23
86 1 12
10 1 1
97 1 0
98 1 22
71 1 11
94 15718 25002
65 1 9
48 1 13
5 1 2
40 1 23
62 152242 84421
25 179345 819155
84 163124 57495
55 1 4
99 200756 625466
80 1 10
28 14774 4159
45 2100 4409
17 1 6
99 1 24
60 6606 61810
79 69 24
75 1 4
97 1 13
89 1 11
34 11 79
15 4 27
79 160585 822757
5 12 42
26 9574 147755
69 97636 68498
65 1 14
5 1 14
69 9337 6585
13 594935 189815
0 22617 4870
7 24 30
24 1 17
57 9 12
89 1 0
84 408 980
62 1 3
67 89384 337133
74 28 250
5 1 8
94 1 7
28 1 29
84 1 4
33 5 27
62 1 0
49 1 0
17 1 12
91 1 23
83 220821 99991
27 1 19
94 1 16
84 1 14
69 1 4
74 39 60
53 1081 1121
53 1 2
28 1 9
94 1 19
70 1 3
62 1 11
89 165083 24585
32 1 12
12 1 1
66 1 15
26 1 10
4 1 1
16 1 33
91 1 21
2 1 11
60 46978 93624
53 350935 444615
53 34 494
91 1 31
71 4337 807
75 1 14
56 1 3
27 3206 1317
7 1 13
42 1 24
21 1 22
86 1 1
60 1 17
65 7 53
71 1 4
81 1 1
15 1 7
89 1 20
74 1 24
28 1 22
74 1 14
97 1 11
45 1 17
12 1 17
51 1092 1276
68 3 20
88 4803 12601
60 1 0
40 1 28
16 88 34
15 1 1
43 5 28
83 1 1
20 1 4
59 1 3
90 28490 41979
74 1 10
35 1003 573
81 1 5
41 1 5
3 1 0
15 1 11
8 1 1
32 9844 6602
80 1 7
99 1 11
7 1 6
26 1 2
52 11 21
20 1 17
94 1 6
34 11882 4912
98 2974 184
20 1 20
91 1 20
22 1 13
40 1 12
8 1 7
24 1 9
55 144 494
28 1 21
27 1 12
8 1 13
98 1 21
40 1 0
97 1 9
32 1 14
69 1 13
84 1 18
20 1 3
68 114 152
32 1 2
29 1 6
30 16540 4264
7 1 4
62 1 2
95 404 592
55 1 0
84 1 11
24 1 12
86 7 134
48 1 15
24 1 21
56 1 18
64 1 3
8 1 15
95 7472 12756
17 1 3
79 1 3
11 1 2
94 1 12
5 1 10
24 1 0
26 1 7
88 1 5
5 1 4
62 1 4
55 1 6
35 1 1
7 1 17
22 1 2
26 1 6
40 1 21
35 1 6
41 1 0
43 13 59
55 10 34
29 1 9
23 1 3
91 1 16
64 2 12
32 1 13
45 1 20
13 1 8
28 553 701
54 2 20
17 1 20
0 209 56
94 1 14
89 1 1
65 1 1
60 37 43
25 5160 9397
82 687531 114521
75 471 679
39 1 11
83 8710 3265
21 1 24
89 1 13
28 1 8
26 1 16
99 1 3
22 1 26
16 1 15
45 90774 53327
33 1 0
35 2 10
84 2 28
46 445923 469769
10 51400 26296
42 1 1
9 2 15
20 1 23
75 1 12
32 4 23
42 1 12
20 1 22
66 1 14
91 1 22
98 1 6
75 5 21
68 1 1
22 1 8
48 1 16
56 1 4
99 2 25
78 1 10
92 1 1
62 1 10
65 1 12
48 1 14
43 1 6
13 1 11
1 1 4
16 311790 104678
56 1 2
41 430819 360731
21 1 9
78 374248 54152
80 7050 883625
11 1 15
1 2 24
28 1 2
95 1 5
98 179980 102615
3 46 161
54 1 19
2 1 13
68 1 3
29 1 23
56 1 20
43 1 0
25 1 0
9 1 12
2 1 1
42 1 3
98 1 14
56 1 16
54 1 11
29 2 47
51 44 90
47 464 74
15 1 19
8 1 19
75 145955 28323
28 1 23
4 1 4
99 1 10
33 262408 666156
40 2 29
28 1 20
40 1 22
97 1 21
48 1 12
15 1 4
41 1 4
27 1 16
22 331 50
74 1 25
22 4418 14591
83 3130 13412
38 1 6
27 1 8
88 859651 122565
24 1 22
80 1 4
30 40134 33000
89 1 16
65 1 18
70 3 9
43 1 18
68 1 17
55 1 10
24 1 13
99 544 623
3 1 7
17 1 1
26 1 15
64 1 7
94 9 23
84 1 21
79 1 14
38 1492 1658
42 1 2
90 3390 5986
43 1 23
65 1 10
40 1 44
24 1 16
24 1 18
89 1 4
95 1 3
9 1 7
55 8256 201997
99 1 17
4 13617 321
26 1 9
40 1 27
65 1 25
42 195762 2080
41 10241 67808
39 192007 805315
75 32366 721250
87 23 41
24 7904 215505
79 896 420
49 1 3
45 1 9
71 45678 32689
9 1 6
65 1 5
49 1 10
1 32 45
6 1 0
83 534 1738
89 1 3
78 9 23
43 72 244
11 250765 41426
32 1 4
54 1 3
38 1 5
9 1 8
48 1 10
81 1 4
54 1 14
59 346 301
75 1 18
55 10845 1854
77 1 4
16 1 6
87 1 3
40 1 4
95 446 48
45 1 4
53 1 5
97 1 14
92 1 0
80 1 3
91 1 2
42 1 19
56 1 7
45 1 3
20 677 4160
17 1 14
69 1 11
5 1 9
95 41244 21015
29 1 14
13 1 10
89 118 29
27 1 21
74 1 23
5 1 12
60 17 24
86 1 3
21 1 30
79 1 16
80 1 0
28 1 11
68 3222 2748
95 1 4
17 162 409
79 1 0
24 1 3
21 1 3
21 1 10
37 31868 180683
99 1 19
80 1 5
27 1 10
77 18 8
43 1 11
9 1 10
83 1 4
98 1 5
89 1 21
91 1 12
1 1 11
47 1 0
22 6132 32969
43 1 21
77 1 2
65 1 8
81 1 9
59 19 33
99 1 22
51 12 193
84 1 30
22 1 32
95 676 1204
91 1 1
94 1 9
3 4 39
7 1 5
64 1 2
32 2 17
55 1 3
60 1 21
11 1 20
65 1 3
25 231 103
94 1 17
8 1 2
48 1 18
3 1 3
79 1 13
65 1 2
77 2368 779
92 1 5
21 1 19
94 4790 912
71 431307 408105
60 1 16
99 1 13
39 1 17
70 119 114
4 1 3
42 1 0
37 5784 2914
42 1 20
22 1 21
77 30 114
16 2 20
94 1 2
7 1 12
1 1 23
29 1 8
28 1 16
64 1 9
69 92023 410814
41 1 1
97 28 28
4 67823 94215
69 1 5
20 1 15
56 1 0
21 1 20
12 2 26
48 1 3
96 3 1
99 1 0
66 1 5
91 1 14
22 1 11
89 1 18
89 1 12
80 1 44
53 1 10
1 32 242
84 1 3
61 20 20
23 1 0
86 1 4
21 1 5
94 103 366
17 1 16
40 1 10
97 1 17
60 10737 3346
93 1 14
78 1 2
79 1 18
7 86763 21290
1 1 7
24 1 4
27 1 13
38 7908 3277
15 83 233
93 16081 32850
21 1 12
62 1 7
75 1 16
79 1 2
54 354 48
24 12 47
66 1 10
26 1 4
91 1 8
6 1 2
27 1 20
28 1 10
11 1 10
75 371 125
0 2 16
56 1 22
12 1 0
98 1 16
24 21 67
18 29178 5334
82 29072 82136
76 278 354
13 15100 19649
33 45074 29379
45 7 148
96 15 10
49 1706 3048
12 31486 11850
20 1 25
51 58350 77346
93 1 12
16 1 17
98 1 12
15 1 16
95 9856 82313
0 1 2
53 134440 39154
48 9686 26845
9 3332 1628
87 6 8
11 1 17
54 1 7
23 1 5
92 1 3
7 1 0
26 1 0
35 1 12
27 1 22
74 1 17
35 1 9
65 1 26
77 44 37
34 1 0
17 420193 360305
74 1 0
22 2271 9438
0 1674 1043
94 1 8
28 1 7
79 169 1406
60 1 4
70 413 3133
39 1 16
69 1 1
34 14 10
21 1 27
59 1 6
20 1 16
51 1 4
91 1 6
91 1 26
15 1 14
25 5912 24772
11 1 14
6 170034 8199
47 5982 7995
82 821 65
98 1 13
29 8 30
65 1 24
49 1 4
87 16 78
84 1 2
2 49 18
51 28 154
42 1 16
60 1 2
49 1 6
71 1 5
29 1 10
27 1 9
66 1 19
84 318 12212
8 1 5
86 1 5
32 1 15
62 1 9
43 1 39
83 1 5
98 1 7
55 1 26
33 174105 209118
61 8970 136
20 9209 5030
93 1 7
15 2 21
56 1 28
60 1 3
65 15 37
15 1713 662
45 1 1
49 1 9
24 1 2
45 35 104
29 1 21
11 1 1
56 1 14
87 1 4
68 1 16
24 1 10
53 1 0
65 1 30
20 1 6
29 1 3
8 1 3
84 1 13
16 1 4
45 1 13
9 18 31
91 1 5
93 1 0
93 281 29605
8 1 11
42 1 13
42 1 18
78 1 13
65 1 13
54 1 4
12 1 7
50 550243 18103
69 10 38
69 1 10
25 7747 521
29 2 28
88 7984 110442
79 1 7
11 1 11
45 473451 170557
81 33 126
22 1 9
79 1 10
84 1 7
56 1 21
1 1 17
21 8419 281
24 1 14
81 1 0
65 1 27
82 3 2
22 1 24
75 37 32
17 2 34
35 1 8
92 223 29239
56 1 9
91 1 7
81 1 3
20 1 0
80 1 11
93 7817 673
66 1 24
5 77 171
83 1 2
84 1 19
62 1 1
69 1 7
23 1 8
51 1 3
7 1 22
20 1 26
45 24 35
43 1 25
64 649326 106623
7 1 23
89 1 10
40 1 2
64 1 4
56 1 23
16 1 14
27 1 0
7 1 15
23 5 15
10 1 5
56 1 69
39 1 10
7 1 7
1 1 19
33 25556 2265
95 1 0
3 1 6
17 1 7
93 1 10
89 1 15
0 2 3
27 1 24
18 5413 500476
76 103 1222
93 1 4
99 1 2
86 1 8
42 1 4
22 1 5
30 288335 706109
75 1 17
80 1 8
16 1 16
99 1 1
67 11 0
96 5285 15914
10 1033 3967
13 1 0
74 2 29
38 4 17
26 500 3851
1 1 21
9 1 4
42 1 14
56 1 15
49 1 8
38 33 42
80 153 95
70 1380 428
97 1 4
42 1 23
64 2854 50
57 1 5
10 1 4
97 1 16
78 1 14
38 1 4
95 1 6
43 1 7
45 1 22
74 1 3
80 1 6
68 1 11
16 5 22
24 1 11
12 1 5
34 1 2
97 1 5
69 2 19
45 1 14
32 1 5
57 28710 27363
98 1 15
32 516394 68995
49 26899 6161
2 1 6
42 1 7
54 1 6
13 1 19
55 1 9
94 1 4
53 211 120
69 1 8
98 1 25
42 1 11
56 1 24
12 72 211
98 7510 11673
84 1 6
39 6991 734
22 1 16
37 1 7
78 1 0
29 2 24
6 1 3
48 1 1
40 1 3
91 7 33
17 1 11
26 2324 736
97 1 18
79 134 283
80 10 22
45 12 59
53 1 8
77 60 238
48 4 21
94 1 5
84 8 40
43 1 19
39 1 7
60 1 9
8 1 25
20 70398 108948
89 1 5
28 1 25
15 1 9
48 1 2
15 1 8
0 25 500
39 1 6
26 1 5
75 1 6
29 1 11
49 1 1
42 1 21
54 1 18
7 22392 159337
18 2681 130
55 35326 88688
11 1 3
66 13 29
83 1 0
62 538119 354314
91 1 9
87 1 6
23 894 485
81 1 7
55 1 21
11 1588 441
28 1 27
21 1 14
95 1 1
79 2 20
84 2228 1549
78 1 1
98 1 9
48 10700 1048
48 1 4
47 79 1452
3 154 3767
42 1 10
71 1 2
20 1 18
99 1 4
22 1 23
15 1 5
34 1 3
56 1 10
40 1 16
99 154401 131231
1 7228 1104
69 1 3
0 5 6
4 1 2
9 1 13
45 1 2
43 1 3
97 1 20
64 1 8
54 1 12
23 1 2
26 1 12
79 1 11
98 1 26
77 1 3
38 1 11
10 1 8
65 1 21
45 1 16
7 1 8
49 1 5
20 1 19
45 1 7
87 1 0
63 162369 271818
66 32865 12492
52 105316 340158
24 38979 64413
32 1 10
88 1 0
7 1 24
79 1 12
60 1 12
76 2736 3037
89 1 8
93 157 127
10 1 14
13 2020 66
8 1 23
32 1 0
26 2 22
76 1355 60794
97 10420 2912
39 1 8
40 1 26
1 1 16
8 1 17
27 1 3
52 8 3
17 1 19
8 1 9
54 1 16
21 116699 12771
71 1 14
66 2913 4208
48 1 9
94 1 10
24 2027 16640
67 299 197
24 1 5
59 1044 3609
68 1 12
29 1 19
68 1 9
49 1 2
23 1 4
43 1 22
51 1 2
7 1 20
16 1 1
88 1 7
17 1 15
83 117 111
1 1 13
20 1 13
23 25 24
23 1 10
74 1 7
1 1 2
59 1 4
21 1 1
66 21 58
66 1888 589
29 1 22
41 1 2
4 137 13
26 6 29
94 1 11
30 1 0
2 1 3
40 2 35
95 2403 4543
68 1 13
60 1 5
9 1 9
23 1 9
75 1 5
33 440 649
43 2 43
60 1 13
98 2 28
13 1233 2444
71 1 3
98 1 18
5 436896 16908
27 15 35
20 5421 18598
41 36217 5238
11 1 7
54 426544 27914
5 1 6
45 1 6
67 30 25
87 3351 1371
1 1 14
2 1 12
57 1 0
97 1 7
16 1 18
28 1 1
6 997 2133
11 1 18
40 1 25
28 1 0
76 18 205
94 1 20
15 30 93
1 1 28
55 1 11
20 1 5
53 1 3
93 1 13
8 1 21
87 116 311
9 1 11
97 6344 19934
93 1 8
93 1 1
74 1 2
11 1 4
42 1 25
99 30269 12070
45 7 28
21 1 28
81 1 10
91 1 15
24 1 7
64 1 6
30 7 400
79 176542 325522
0 1 0
26 1 14
8 1 10
2 1675 1541
28 2 31
57 30 310
78 1 19
45 3474 9401
97 1 1
56 1 17
53 1 4
17 1 17
42 3 29
29 4010 384
88 1 3
79 1 19
42 1 6
26 1 18
88 1 4
23 1 13
17 1 21
43 1 4
10 1 2
41 4 6
99 1 21
78 1 18
98 1 23
53 4439 24081
1 1 5
92 14629 3493
32 1 9
43 1 10
40 1 13
98 3593 5634
43 1 8
82 3017 8956
28 1 26
69 1 12
12 3 9
81 1 2
45 1 18
45 1 11
60 940 349
51 1 6
97 1 10
66 1 22
95 1 7
35 1 7
55 1 7
74 1 6
12 710 888
54 1 9
97 18 65
38 1 1
60 1 1
38 1 12
3 1 2
87 1 1
22 4 27
8 1 6
94 1 21
39 1 3
84 1 20
22 25252 81602
20 187 425
13 5883 4209
47 766620 157448
17 2133 631
35 1 5
47 5281 1857
48 1 11
12 1 4
84 1 9
75 1 15
22 1 12
24 1 1
48 133 64
74 1 5
16 1 5
56 1 5
99 1 20
40 2 31
51 3 7
11 5 47
98 1 19
61 45292 9207
21 1 15
91 1 10
80 1 1
32 1 6
1 1 8
24 2751 30030
62 1 6
55 25734 266194
32 739 47
16 101852 828942
86 1 9
68 62 23
27 717 308
55 51 109
48 454577 516187
26 1 17
83 1 7
21 1 16
89 1 17
78 1 22
93 1 15
10 1 0
77 1 0
3 356737 131585
99 1 9
55 1 18
28 56 34
75 1 2
46 222 1350
74 1 4
16 1 19
99 1 15
27 1 23
42 1 22
98 1 17
25 13 5
71 1 12
2 1 0
39 326 405
60 1 14
64 1 0
40 1 9
42 1 9
48 1 6
66 1 21
68 1 14
22 83 467
64 2 18
71 1 10
66 1 11
12 41791 69194
78 315 94
93 1 2
21 1 13
21 3 68
69 1 0
90 311125 120879
33 3 2
55 1 14
66 1 13
94 60230 85076
20 1 1
97 2 23
5 1 1
9 1 14
98 1 10
15 1 6
21 3 31
13 1 2
94 1 33
15 614 4400
69 1 2
2 1 7
17 1 8
5 14602 407
27 1 1
35 13 14
28 534651 334108
95 28 14
38 1 16
80 1 9
40 1 20
65 1 0
73 691161 223560
94 1 3
16 1 7
74 373641 23009
44 10802 802
71 1 7
23 1 14
98 1 1
55 4 22
43 278918 166485
83 1 3
26 6 84
92 1 4
11 1 16
75 1 19
28 1 13
25 38005 42775
39 18 23
56 1 32
62 3 336
17 69 48
67 2218 9619
25 26 375
39 1 5
71 1 15
75 1 10
41 1 3
29 1 5
62 41 175
24 12 23
70 381 3673
55 1 1
81 1 6
21 1 4
60 1 10
15 4 23
1 1 18
81 891 415
43 1 1
8 18 26
59 352405 215825
27 1 17
16 1 12
11 250 58
84 2 31
15 1 15
95 2 10
69 1 14
64 1 5
16 616 220
12 1 8
51 1 1
11 1 0
62 12 19
65 7061 13811
66 1 3
93 1 3
42 1 15
89 1 2
21 1 21
97 286 88
82 1 1
29 1 0
15 1 13
68 262 1472
20 1 7
15 1 18
66 1 16
2 152017 104673
37 19615 131286
10 663 17
37 219 129
17 1 13
70 2 5
78 1 11
68 1 10
48 1 0
92 49 27
7 1 10
30 91 25
55 1 8
76 5 5
1 5 29
27 1 14
99 1 7
76 1 0
32 1 8
20 1 21
41 1 16
59 1 8
84 1 0
91 1 30
43 2338 8506
93 1 5
89 1 6
93 121960 87410
26 1 21
97 1 15
74 1 15
33 2 9
68 365876 191587
70 1 2
32 1 7
74 624 11114
8 42 49
29 524227 26593
44 8 13
84 1 10
22 1 14
98 1 8
99 13 29
91 1 27
78 1 17
45 1 19
59 1 5
5 1 7
17 1 10
78 1 6
66 1 6
92 8 9
84 1 25
65 4615 6662
80 1 2
30 1776 1220
98 1 4
55 88597 451954
43 1 17
51 31 11
38 1 2
75 1 7
8 1 8
76 1 2
22 1 25
39 1 4
99 5920 1283
24 7123 2934
88 5714 27554
81 1 11
53 13242 2764
38 1 7
37 905 1811
22 1 7
98 1 11
95 1125 3407
40 1 11
55 1 12
84 1 22
53 1 7
54 1 10
20 1 9
65 1 11
56 1 26
1 1 1
51 16031 3232
59 1 10
99 1 5
55 1 19
15 1 0
48 1 5
86 1 11
34 1 5
1 1 10
39 1 9
8 170 177
23 1 6
28 257 201
68 1 7
74 1 26
62 3 16
84 539 143
37 15 48
76 23416 6779
79 29993 2992
71 1 8
86 90 301
27 1 2
82 17 8
29 1 17
55 1 15
86 9 20
27 49630 62623
22 1 15
55 1 16
94 1 22
13 1 4
21 1 23
28 1 12
7 1 19
2 1 2
64 15087 35503
81 1 8
43 1 5
3 1 1
74 1 21
23 148 227
39 1 14
86 1 2
3 24643 6805
1 1 12
62 47 2136
94 538 10124
62 1 12
32 1 1
28 1 28
66 1 18
40 1 8
35 1 4
22 1 0
49 2 13
83 352 618
79 1 4
9 51 50
10 1 6
40 1 14
99 1 14
11 1 8
75 1 11
40 1 6
15 1 20
42 38 127
9 149497 47083
12 1 2
84 1 1
65 1 4
18 13464 54333
40 1 15
42 1 26
63 40420 95886
65 184851 177113
55 1 2
39 73965 407448
16 1 13
13 3 20
73 59050 13010
89 1 9
48 1 17
6 22 5
34 341265 373095
40 1 1
50 4825 648
94 1 18
60 1 11
42 2 27
1 1 22
38 13 102
66 1 7
49 5 16
1 1 20
91 1 28
17 1 0
70 1208 6821
16 6 27
74 1 22
71 45 29
16 1 3
40 1 7
61 52013 88011
66 1 1
92 1 6
43 1 12
24 1 20
15 1 10
89 1 23
65 1 6
74 1 8
54 1 13
22 1 22
81 826490 171976
53 1 6
11 1 12
13 1 7
71 1 18
96 1 0
80 1 13
70 1 4
75 3613 11941
74 3 39
24 431 1370
27 1 11
40 23135 6929
43 1 24
88 1 6
22 1 1
8 1 18
80 1 12
39 1 13
3 10 9
97 1 2
45 1 15
43 1 16
65 1 19
74 1 20
77 1 6
84 1 26
74 1 11
70 1 1
22 1 4
8 1 12
62 1 14
88 101 16
45 1 21
90 21178 18668
38 1 8
91 22 52
95 279883 411756
27 1 18
8 1 16
84 1 23
1 1 6
8 1 14
66 1 0
71 1 9
31 453317 45342
65 1 15
15 1 2
42 1 5
2 1 15
21 1 2
9 1 0
22 3 40
98 1 3
29 1 2
74 1 12
68 1 2
88 1 2
41 71 45
27 11 53
84 1 12
79 1 1
54 1 1
53 1 1
59 124 168
66 1 9
60 1 6
98 1 27
28 1 24
55 1 13
48 37753 129282
22 1 18
98 1 0
45 1 8
20 1 8
29 1 7
20 1 2
78 1 16
23 229 2480
7 1 11
34 1 1
62 390 1240
56 1 13
95 1 2
59 1 7
2 34007 25233
38 1157 279
21 1 25
22 1 19
13 1 5
82 2135 1291
79 1 8
2 1 14
21 1 18
12 1 6
16 1 10
45 1 5
43 1 15
42 70 384
77 5691 3399
65 1 20
29 1 1
22 572841 345731
97 1 3
21 1 6
