100 5402 1000000
0 1 15
44 1 23
54 1 84
77 1 44
51 1 55
41 1 56
7 1 68
83 1 34
48 1 2
31 1 52
32 1 10
26 1 33
4 1 75
1 1 79
45 1 31
39 1 14
53 1 2
24 1 53
28 1 26
38 1 18
60 1 10
42 1 33
1 1 72
28 1 35
42 1 26
26 1 80
16 1 8
42 1 6
51 1 46
42 1 18
77 1 49
58 12 23
20 1 31
85 1 28
54 1 44
18 1 45
71 1 37
53 1 51
61 1 3
65 1 18
10 1 65
27 1 49
83 1 19
16 31164 35490
71 1 7
6 1 27
46 1 30
33 1 44
87 1 44
78 167007 160007
10 1 41
31 1 45
19 1 32
65 1 36
57 1 27
10 1 53
44 1 0
42 1 78
52 1 8
83 1 51
84 1 39
74 11207 71
79 1 44
89 1 1
67 1 2
24 1 18
52 1 31
28 1 3
83 1 38
4 1 17
24 1 5
23 1 60
25 1 9
16 85858 281032
78 1 55
16 1 13
52 1 78
55 1 43
77 1 21
1 1 75
42 1 53
18 1 25
86 1 70
14 1 44
42 1 20
38 1 36
45 1 62
73 1820 507
32 1 32
86 1 67
84 1 50
1 1 40
81 55 53
10 1 60
19 1 24
54 1 12
41 1 39
60 1 31
29 1 62
16 1 26
90 1 40
83 1 11
50 1 7
74 1 4
53 1 4
86 1 32
26 1 9
52 1 38
77 4 150
86 1 20
95 1 15
42 1 37
9 2 42
62 14 10
29 301960 23374
96 1 42
8 1 71
26 1 16
27 1 20
3 1 62
21 1 9
37 1 17
53 1 26
66 1 10
41 1 17
27 1 88
37 1 38
43 1 75
91 1 15
65 1 10
90 1 31
77 1 47
44 1 36
26 1 59
34 1 3
52 1 80
51 1 18
51 1 21
51 1 79
43 1 74
71 1 43
65 1 29
38 1 22
76 61 25
84 1 11
43 1 56
71 1 6
44 1 54
77 1 39
18 346162 36454
61 1 73
52 1 32
50 1 16
19 391025 172009
24 1 49
15 1 75
11 1 17
26 1 50
54 1 61
44 1 2
48 1 12
52 1 70
60 1 26
90 1 5
24 1 44
33 1 53
84 1 64
55 1 20
4 1 34
54 1 24
46 1 18
47 1 13
8 1 46
52 1 63
90 1 4
46 1 11
29 1 67
59 1 21
33 1 1
9 1 6
27 864639 41054
8 1 33
1 1 38
63 1 3
59 1591 1590
62 1 3
45 1 30
41 1 9
7 1 45
13 31597 343726
51 1 56
16 1 18
90 1 61
79 1 36
78 1 12
60 1 30
32 1 71
57 1 46
43 1 65
7 1 2
51 1 1
79 1 41
86 1 5
25 1 32
63 1 25
78 1 72
86 1 68
75 1 46
76 5355 835
29 1 45
45 1 44
9 1 34
38 1 27
53 1 10
60 1 18
54 1 18
4 1 76
39 1 30
80 1152 39
40 12 35
38 1 4
78 1 37
53 132159 17366
6 1 30
28 1 37
38 1 3
42 1 46
5 1 20
83 1 72
10 1 46
57 361 68
85 1 3
92 24274 453742
23 1 42
75 1 36
98 928 6219
24 1 6
38 1 41
7 1 0
33 1 12
50 427 195
29 1 24
56 54524 4295
76 1 5
95 1 20
46 1 50
90 1 14
78 1 50
78 1 59
24 1 21
39 1 63
44 1 32
31 1 18
53 2 76
15 1 40
87 1 26
43 1 31
6 1 11
85 1 5
90 58506 454531
51 1 48
20 1 24
15 45 97
79 1 22
42 1 29
7 1 16
26 1 25
32 1 31
98 4 43
49 1 4
90 1 0
41 1 24
26 1 91
4 1 19
20 1 10
60 571 103
20 10030 412
31 10676 45820
83 1 42
15 1 32
1 104369 43504
10 17 138
46 1 47
59 1 0
48 1 94
51 1 57
19 398 399
38 1 33
18 1 4
44 1 75
75 3 78
75 1 12
60 1 17
87 1 29
89 1 4
97 1 19
77 1 8
91 1 45
96 2002 9740
19 1 34
63 1 15
64 1 30
7 16125 14683
26 1 1
16 1 16
85 1 13
26 1 17
94 48 116
52 1 30
23 1557 91
79 1 34
1 1 50
63 1 13
65 1 30
70 1 10
49 1 19
19 1 20
12 1 9
33 1 16
75 1 11
4 1 43
61 1 71
65 1 50
90 1 54
19 1 16
79 37687 670660
61 1 34
90 1 26
78 723 8037
92 1 5
10 1 28
74 1 3
78 1 33
42 1 3
50 1 3
9 1 1
86 1 51
24 1 22
61 1 65
64 1 5
53 1 1
12 1 11
10 1 64
30 13230 117190
86 1 79
46 1 28
26 1 3
71 1 18
63 1 14
29 4 71
52 1 42
42 1 5
2 2 6
24 1 72
8 1 62
10 1 17
42 1 67
24 43 105
7 1 6
93 1 38
2 1 0
10 1 20
84 1 34
93 1 32
41 1 28
59 1 25
59 23 32
38 1 23
18 1 55
57 1 35
60 1 33
17 1 18
80 1 13
77 1 62
27 2 91
29 1 38
59 1 12
97 1 38
5 1 37
78 1 67
17 1 7
53 1 5
48 1 30
19 1 29
19 1 5
64 1 22
42 1 24
68 289 350
39 1 57
19 1 25
14 1 38
21 1 30
65 1 15
59 1 22
50 1 11
42 1 35
83 1 69
65 1 55
74 1 0
89 5 12
62 1 2
14 1 51
39 1 31
43 1 13
33 1 48
8 1 42
44 1 68
41 1 8
29 1 26
20 1 14
29 1 31
20 1 39
57 1 45
5 1 44
91 1 55
33 1 50
86 1 60
55 1 52
11 1 14
33 119 683
8 1 72
78 405 312
46 1 91
7 1 31
9 3375 1140
8 1 12
48 1 77
90 1 11
44 1 74
48 1 89
66 1 12
56 1 2
5 1 6
14 1 7
48 1 7
18 1 37
15 1 13
39 1 48
23 1 30
51 1 11
83 1 21
77 1 12
78 1 9
64 1 20
86 1 46
38 1 13
64 1 14
45 1736 1074
26 1 83
61 1 19
18 1 42
91 2 60
80 1 17
85 1 30
31 1 1
75 1 33
1 1 1
43 1 36
81 42 605
24 1 60
16 1 21
5 1 4
35 1 16
33 1 59
60 1 9
7 1 8
83 1 27
84 1 23
3 1 45
55 551365 281115
35 1 15
49 1 3
57 1 53
53 1 7
38 1 56
61 1 72
32 1 24
11 2791 608
43 1 40
86 1 21
19 1 4
7 1 71
53 1 14
35 1 0
20 1 41
10 1 63
44 1 84
54 1 78
46 1 66
78 1 44
47 1 14
47 1 26
11 1 49
52 1 25
12 1 6
7 1 58
18 1 61
43 1 63
42 1 58
53 1 47
43 1 12
57 1 13
26 1 7
27 1 48
16 1 58
83 1 3
8 1 8
53 1 57
25 1 66
96 1 43
26 1 57
44 1 70
13 44 56
17 1 1
53 1 8
16 1 62
16 1 36
55 1 31
46 1 13
20 1 12
51 1 70
88 42 26
45 1 57
27 1 5
46 1 23
83 1 30
7 1 86
53 2 74
74 1 14
83 1 31
32 1 65
46 1 54
77 1 74
42 880 537
84 1 40
84 1 19
32 1 11
16 1 20
85 19235 25680
18 1 2
14 1 15
31 1 46
52 1 5
15 1 19
20 1 40
78 1 21
78 1 20
7 1 42
42 1 69
63 1 2
86 1 82
87 1 34
32 1 45
51 1 69
41 97 103
78 1 53
43 1 84
46 1 74
10 1 66
38 26 147
83 1 70
2 1 2
77 1 90
57 1 15
11 1 71
82 56 457
25 1 63
46 1 83
31 1 10
48 1 52
28 1 40
18 1 43
7 1 62
89 191059 5525
98 327478 245692
65 1 14
42 1 74
43 1 27
10 1 9
62 558349 2801
0 1 7
14 1 26
14 17756 3101
93 1 12
77 1 78
11 1 61
1 1 22
47 1 21
21 1 26
65 1 49
26 1378 3093
22 4 5
77 1 79
26 1 72
51 1 28
40 19740 13055
58 33513 233494
39 1 29
21 1 11
96 2701 1894
83 1 33
75 1 17
42 1 54
86 100 296
54 1 34
68 443369 510176
93 1 9
53 1 49
4 1 65
32 1 55
96 1 56
49 7621 39054
34 1 14
70 1 11
78 1 47
93 1 27
81 1 5
92 2 12
58 1 2
26 2 93
1 1 37
16 13 69
24 1 45
72 548343 202701
81 137131 32869
42 1 34
46 1 68
53 1 37
16 7 92
79 1 40
15 1 46
24 1 27
61 1 28
26 1 67
14 1 19
52 1 3
40 1 21
42 1 15
20 1 19
54 1 65
98 1 0
61 1 63
96 1 49
1 1 36
80 1 15
80 1 8
37 1 13
44 1 31
50 1 31
3 1 65
11 1 69
7 1 60
5 1 52
18 53 612
79 23 51
95 1 5
12 1 1
46 46655 45425
50 1 30
10 1 38
14 1 14
21 1 10
16 1 40
88 34 94
84 1 35
35 1 12
54 1 6
48 1 38
57 1 51
11 1 25
41 1 51
27 1 79
8 1 47
26 1 88
20 1 26
61 122 178
16 1 43
61 1 42
61 1593 1653
43 1 32
50 528 1934
54 1 60
38 1 31
34 1 12
63 79 26223
38 1 15
89 1 6
25 1 27
16 1 47
96 1 40
7 1 81
86 1 56
44 1 48
43 1 33
50 1 49
83 32 154
46 1 36
18 1 26
50 5 56
11 1 62
54 1 79
45 1 20
38 1 7
84 1 9
45 1 39
77 1 55
26 1 64
41 1 7
78 1 70
44 1 18
47 1 23
57 1 34
96 1 48
54 1 77
8 1 10
1 1 13
28 1 49
77 1 41
11 1 60
95 2604 3040
58 876 776
91 1 11
9 1 21
11 1 75
46 1 45
38 1 42
87 1 51
20 1 49
42 1 14
47 9 31
63 1 1
86 1 3
11 1 28
16 1 56
77 1 69
39 1 38
42 1 62
42 1 39
27 1 47
57 1 55
33 1 29
11 1 47
4 1 51
53 1 32
10 1 22
46 1 34
1 1 74
78 1 0
77 1 65
45 1 4
78 1 52
79 1 28
48 1 14
44 1 44
12 1 5
35 1 19
15 1 25
97 1 32
55 1 21
19 1 0
46 1 57
41 1 54
14 1 34
45 1 67
59 1 11
7 1 50
53 1 73
60 1 16
27 1 52
91 1 6
75 5 61
41 1 31
0 1 10
85 50853 59277
43 1 0
37 1 35
10 1 15
24 6 74
25 1 10
42 1 44
82 1 5
48 1 82
3 1 48
87 1 35
70 1 9
48 1 13
11 1 80
51 1 65
91 2016 5922
8 1 16
21 1 17
44 1 78
57 1 47
65 1 19
70 1 7
46 1 56
83 1 25
52 1 54
65 1 17
24 1 30
39 1 3
34 1 18
9 1 11
64 439 80
39 1 67
21 1 29
11 1 55
96 1 53
19 1 27
19 1 12
84 1 15
32 1 63
14 1 3
9 1 23
39 1 12
53 1 45
50 1 46
16 1 11
60 1 24
11 1 76
24 28402 13922
29 1 65
43 1 5
12 33 14
29 1 21
97 1 31
21 1 41
75 1 2
82 1 1
43 1 23
96 1 47
45 1 38
85 1 58
63 1 11
54 1 57
1 1 62
75 1 16
51 1 49
83 1 1
45 1 24
11 1 72
21 1 5
90 1 24
13 5300 17026
18 1 29
83 1 12
87 1 37
8 1 54
61 1 56
79 1 24
63 9255 4504
1 1 17
17 1 20
4 1 77
23 1 72
5 1 61
28 1 21
0 1 3
65 1 32
70 1 13
33 1 46
24 1 31
8 11064 79327
32 1 33
19 1 43
39 1 47
48 1 76
44 1 77
81 15 32
75 1 24
83 1 87
8 1 56
48 1 49
24 1 29
32 1 1
94 40316 67317
55 1 38
79 1 39
1 1 57
33 1 47
20 1 51
77 1 32
98 4338 592
31 5067 3184
42 1 42
53 1 33
75 1 3
63 1 12
53 1 61
90 1 22
21 1 19
93 1 15
26 1 13
3 1 59
14 1 21
70 1 18
29 1 69
44 661914 106305
19 1 22
8 1 25
60 1 6
18 1 0
0 1 11
6 1 16
61 1 64
33 3 60
18 1 22
37 1 2
15 1 60
55 1 27
26 226315 96684
17 1 2
57 1 56
46 1 52
54 1 20
78 1 10
10 1 68
52 1 19
60 3090 1782
27 1 35
65 1 16
75 1 22
11 1 48
45 1 19
51 1 20
20 1 20
11 1 77
48 1 9
10 1 71
50 1 1
3 1 30
23 11 78
15 1 24
60 1 34
8 1 22
19 1 35
16 1 42
41 21 63
78 1 71
75 1 27
41 1 27
32 1 54
44 1 4
78 1 28
8 1 80
0 415638 247604
86 1 17
64 1 16
55 1 36
4 1 37
5 1 25
77 1 45
25 1 59
27 1 51
87 4204 2107
45 1 16
3 1 19
43 1 25
65 1 3
21 1 47
20 5765 12163
61 1 8
97 1 6
77 1 30
48 1 47
96 1 6
42 1 59
43 1 52
85 1 17
39 1 26
1 1 53
54 1 52
3 1 42
24 1 28
29 1 2
35 1 24
5 1 22
20 1 7
28 1 44
9 1 35
25 1 12
71 1 45
14 1 23
48 1 34
48 1 62
88 1 8
40 1 22
19 1 53
18 32073 754
33 1 57
3 1 0
84 1 56
5 151546 80582
24 959 5421
53 1 34
15 1 17
27 1 75
11 1 11
90 1 52
29 1 18
51 1 67
3 1 50
65 1 58
0 1 1
77 1 11
29 1 33
15 1 68
87 1 27
32 1074 569
83 83905 127815
91 176058 241504
16 1 54
78 1 40
60 1 0
64 1 26
65 1 56
75 1 57
85 1 50
48 1 6
77 1 31
29 1 9
61 1 40
48 1 67
3 1 6
77 41774 389829
1 1 26
33 1 3
98 127954 585117
28 1 19
38 1 29
78 1 74
19 1 21
91 1 22
11 1 6
50 1 29
10 1 12
85 1 63
47 1 8
58 3 74
98 1 4
45 1 34
63 1 22
54 1 48
4 1 35
80 1 2
91 1 42
78 1 17
4 1 32
97 33 54
70 1 2
42 1 2
99 684004 205244
34 1 15
33 1 17
61 1 16
48 1 72
15 1 52
23 1 59
43 1 54
32 1 50
66 1 16
41 1 33
49 170817 657963
32 1 64
10 1 57
58 1 5
63 1 21
24 1 67
15 1 66
44 1 83
27 1 24
63 1 0
39 1 39
31 1 3
14 1 58
65 1 41
14 461 634
9 128821 753664
44 1 40
32 1 44
8 1 34
64 1 23
96 1 50
39 1 36
89 1 7
26 1 81
52 1 82
90 1 25
16 1 46
42 1 25
77 1 72
12 1 3
86 1 57
12 1 4
16 1 89
28 1 24
57 1 42
15 15 219
71 1 32
55 18163 690
48 1 0
7 1 54
25 1 52
18 1 28
8 1 15
1 67 93
33 1 18
90 1 27
26 1 8
15 1 1
40 89 118
40 1 17
23 1 9
98 165 64
28 1 2
60 1 3
84 24289 81827
44 1 28
22 12 16
5 1 39
50 1 53
91 1 21
8 1 45
42 1 52
53 1 62
33 1 25
47 1 3
0 1 6
15 1 50
61 1 53
88 11 13
15 1 14
55 1 23
23 1 52
84 1 18
40 1 4
26 1 12
75 66584 22255
26 1 34
60 1 22
7 1 17
7 1 44
1 1 44
51 38413 20064
39 1 28
92 16 18
39 1 41
37 1 37
12 13 264
14 1 55
65 1 43
84 1 28
55 1 10
46 1 79
90 1 62
80 1 0
80 1 5
48 1 10
0 181 783
23 1 44
62 133 161
75 1 30
76 1 1
75 1 41
97 1 16
35 1 29
63 1 5
84 1 32
21 1 21
43 1 35
21 1 7
21 1 50
83 39 106
10 1 14
78 1 1
85 1 8
42 1 76
61 1 22
23 1 3
95 1 27
97 1 20
92 21 36
3 1 9
52 1 55
93 1 0
37 1 43
46 1 86
18 1 12
40 1 19
64 1 17
48 1 18
44 1 1
3 1 27
29 1 42
41 1 2
67 1 3
93 1 18
71 1 15
19 1 28
29 1 48
29 1 5
60 1 5
22 64231 43888
1 1 18
89 2 10
20 1 5
43 1 76
48 1 75
71 1 4
61 1 68
83 1 86
25 1 42
31 1 43
4 4374 15030
15 1 20
90 70034 18626
32 72 81
87 1 50
52 1 46
11 1 8
12 2749 429264
8 1 66
38 1 30
32 1 7
87 1 10
0 1 5
51 1 23
3 1 36
23 1 54
29 1 25
54 1 50
2 41 25
75 1 0
96 147 141
61 1 1
23 1 55
87 1 25
19 1 11
29 1 64
10 20 97
51 1 63
4 1 28
45 1 46
5 1 27
5 1 31
37 1 3
11 1 43
83 1 71
7 1 37
91 1 17
25 1 49
14 1 47
41 1 30
27 1 78
20 1 16
8 1 37
37 1 1
97 1 26
4 1 44
96 1 55
4 277122 39649
38 1 50
20 1 32
52 1 10
51 1 35
33 1 7
10 1 77
11 1 15
29 1 11
84 1 59
43 1 4
29 1 44
38 1 45
87 41 75
45 1 25
1 1 20
39 2218 2295
41 1 22
46 1 8
77 1 29
52 1 84
27 1 27
51 1 27
79 1 1
50 1 35
9 1 39
10 1 34
77 1 20
28 1 46
9 1 25
28 6 53
12 121996 11529
80 1 18
26 1 44
10 1 18
51 1 47
84 1 29
52 1 48
93 1 21
83 1 66
24 1 43
86 1 42
86 1 65
85 1 56
59 1 7
33 1 31
4 1 12
53 1 18
55 1 14
54 1 30
90 1 13
95 1 33
7 1 65
10 1 5
7 1 25
7 1 36
96 1 7
79 1 13
27 1 21
54 1 19
3 1 12
46 1 32
87 1 46
1 1 70
40 1 13
3 1 51
46 1 25
10 1 7
23 1 1
71 1 8
65 1 62
14 1 29
85 1 42
25 1 16
7 1 28
61 1 18
10 1 49
70 1 1
71 1 34
97 1 9
39 1 20
26 1 82
83 1 6
96 1 14
64 1 3
11 1 27
52 1 34
82 1 2
8 1 59
16 1 67
90 1 47
77 1 50
47 1 24
21 3 62
23 1 74
85 1 1
34 131 538
54 1 37
52 196 276
5 1 53
45 1 10
83 1 43
31 1 40
92 1 3
14 1 48
50 1 40
33 1 19
21 1 0
35 153963 32420
46 1 51
51 1 2
4 1 39
25 1 6
83 1 75
94 4 13
15 1 5
7 1 20
85 427 154
38 9 112
16 1 64
93 1 6
91 1 31
34 66811 729
4 1 68
3 1 18
88 1 2
14 1 46
51 1 64
7 1 75
20 1 27
53 1 68
38 1 19
38 1 55
84 1 63
39 1 54
8 1 2
50 1 12
79 1 2
1 1 43
88 1 3
82 1 0
29 1 15
45 1 45
66 1 17
52 1 2
8 1 53
13 1 1
11 1 1
58 274 261
46 1 39
24 1 56
53 1 25
7 4 95
10 1 55
31 1 25
46 1 78
25 1 25
6 1 26
92 1 2
14 2 64
95 20114 5882
1 1 30
7 1 73
83 1 73
65 1 1
27 1 39
38 1 5
98 1 5
7 1 5
43 1 15
3 1 39
35 1 7
5 1 1
51 1 40
51 13428 893
46 1 15
43 1 77
75 1 14
54 1 27
33 1 43
10 1 69
10 1 74
15 1 43
57 1 38
7 1 55
43 1 14
83 1 40
75 1 32
15 1 36
24 1 20
90 1 21
90 1 55
57 1 2
60 1 11
17 40 35
24 1 46
15 1 18
91 1 0
32 1 29
78 1 43
50 1 34
38 1 25
23 1 46
60 1 37
78 1 26
86 1 59
49 1 14
55 1 3
25 1 34
21 1 6
29 1 53
24 1 36
45 1 47
90 1 9
24 1 54
26 1 14
77 1 56
24 1 57
35 1 6
24 1 4
9 1 8
31 1 39
83 1 65
4 1 29
44 1 20
83 1 24
14 1 63
60 1 29
31 1 53
99 95247 38817
43 1 10
56 1 5
4 1 1
10 1 30
80 1 16
61 1 69
41 1 12
86 1 23
28 1 27
77 14 93
64 1 19
39 1 27
93 1 29
28 1 17
64 1 4
65 1 20
26 1 63
33 1 23
21 1 1
54 1 39
35 1 28
84 1 57
10 2 78
4 1 78
15 1 63
79 1 11
20 1 9
4 1 59
51 90 271
61 1 11
5 11 68
98 1 7
3 1 66
18 1 40
91 1 49
95 1 4
3 1 23
41 1 62
90 1 56
5 1 28
68 19619 13694
52 1 35
26 1 15
71 1 11
65 1 23
53 1 72
32 1 48
1 1 48
57 1 54
54 1 64
91 1 41
49 1 22
50 1 26
48 1 36
51 1 61
17 1 21
42 1 60
16 1 49
7 1 21
60 1 23
86 727421 116450
20 1 35
54 1 23
77 1 66
44 1 19
40 1 18
55 1 41
21 1 18
25 1 31
43 1 85
52 1 9
40 1 7
78 1 7
64 1 11
23 1 64
77 1 28
86 1 26
41 1 34
40 1 25
2 392335 382377
26 1 38
32 1 26
1 1 76
23 1 12
44 1 55
79 1 9
66 1 7
96 1 10
86 1 73
78 1 16
90 1 6
26 1 92
83 1 64
32 1 5
50 1 45
11 1 19
98 1 9
5 1 55
42 1 41
1 1 49
19 1 42
25 1 46
4 1 18
18 1 10
97 1 29
87 1 15
83 1 39
19 1 38
8 3 89
23 1 6
27 1 3
71 1 40
93 1 26
88 1 5
25 1 37
10 1 31
16 1 68
21 1158 4725
79 1 33
24 1 7
54 1 14
44 1 5
83 1 74
11 1 35
96 1 29
45 1 64
29 1 32
85 1 33
1 1 46
19 1 31
76 420898 464567
6 21819 36927
44 1 21
87 1 0
4 1 82
87 1 54
78 1 11
12 1 7
19 1 47
29 710 647
24 1 48
75 1 10
96 1 13
25 1 2
3 3 71
54 49 117
54 9 85
43 1 34
61 1 12
35 23027 7318
32 1 66
5 1 12
85 1 44
96 45 96
87 1 43
35 1 9
61 1 37
47 1 11
6 1 0
28 1 47
23 1 71
96 1 27
57 1 48
58 1 8
96 1 35
65 1 6
78 1 13
12 1 10
25 1 50
46 1 65
78 1 48
37 1 26
18 1 1
93 1 35
21 1 22
85 1 2
1 1 0
23 1 48
58 2 13
46 1 0
26 1 5
47 31 97
33 1 11
46 1 29
46 1 1
51 1 24
7 1 53
19 1483 1609
10 1 29
50 1 48
27 1 58
8 111 186
65 1 9
26 1 20
15 1 58
86 1 24
5 1 9
43 1 48
91 1 56
3 1 60
61 1 60
20 1 17
77 1 7
78 1 22
43 12 87
11 1 63
10 1 73
10 1 72
52 1 61
21 1 44
61 1 43
16 1 7
58 1437 4056
46 1 5
53 1 30
9 1 28
1 1 41
5 1 3
8 1 65
42 13 88
65 1 60
8 1 35
9 1 27
10 1 50
48 1 83
11 1 56
96 1 2
84 1 51
53 1 65
69 5356 14528
40 1 15
28 1 25
14 1 4
43 23 167
15 1 0
64 1 21
53 1 17
93 1 28
82 1 13
96 1 12
23 1 41
31 1 16
54 1 36
4 1 9
44 1 80
83 1 79
37 1 40
31 1 29
63 1 28
24 1 25
85 1 12
91 1 26
1 1 73
78 1 8
7 1 9
14 1 35
26 1 18
4 1 49
74 1 7
59 1 5
98 1 6
75 1 51
33 1 4
77 1 64
38 1 17
27 1 40
39 1 33
21 1 33
57 1 61
32 1 72
33 5 71
21 1491 1637
65 1 31
44 1 49
1 1 61
52 1 29
26 1 10
27 1 29
27 1 38
35 1 23
21 1 46
87 1 8
79 1 35
39 1 6
55 1 49
28 1 39
11 1 12
55 66 398
10 1 32
87 1 42
46 1 63
49 1 11
25 1 73
44 1 15
32 1 0
45 1 26
96 1 51
13 1 7
28 1 15
86 1 31
41 1 55
16 1 4
14 69 334
27 5543 5575
48 1 31
95 1 1
48 1 58
77 1 43
39 1 62
59 1 16
32 1 34
1 1 8
61 1376 12996
8 1 79
33 1 33
32 1 30
87 1 23
93 304 328
39 1 37
64 1 29
32 1 57
47 1 0
31 1 22
25 1 53
58 1 7
85 1 31
77 2327 1292
96 1 37
8 1 58
51 1 44
32 1 8
38 1 11
47 16 56
51 1 10
29 1 8
53 1 9
66 1 20
63 61258 41093
52 1 15
10 1 1
26 1 31
2 1 1
25 1 17
40 1 8
83 1 56
37 1 44
77 18679 305458
71 1 48
61 1 36
59 1 30
18 1 15
9 49815 106767
45 1 43
89 1 5
67 1 0
18 1 44
48 1 28
86 1 48
28 1 43
43 1 41
18 157 287
90 1 37
37 1 11
38 1 0
11 1 3
51 1 22
15 1 47
79 1 37
15 1 22
53 1 0
57 1 37
87 1 14
37 1 21
3 1 54
6 1 9
43 1 72
76 1 0
71 1 25
77 1 73
77 1 17
6 1 20
9 1 26
7 1 64
29 1 22
44 1 87
70 1 5
95 119548 55662
48 1 5
41 1 6
26 1 22
15 1 53
83 1 50
75 19573 90503
55 6 59
25 1 35
1 1 15
65 1 52
33 1 27
24 1 73
67 319 183
44 1 29
20 1 50
85 1 18
7 1 19
11 1 37
59 1 14
44 478 3692
85 1 62
35 1 2
85 1 19
32 1 56
28 1 9
86 1 14
84 1 21
91 88 73
31 1 50
63 1 7
54 1 4
91 1 28
4 1 15
50 1 0
54 1 58
25 1 30
24 1 24
14 1 54
48 1 65
61 1 4
28 1 18
38 1 2
29 1 34
90 1 8
44 43 212
6 1 21
23 1 25
16 1 2
9 1 36
39 1 70
41 1 58
46 1 38
49 1 13
51 1 31
18 1 34
29 1 12
16 1 30
18 1 14
53 1439 4107
31 1 12
86 1 4
51 2 72
95 1 12
54 1 21
15 1 37
25 1 0
27 1 28
49 1 6
67 1 6
27 1 33
26 1 86
31 1 31
79 1 19
44 1 27
61 54 109
71 1 26
41 748 70567
51 1 17
52 1 21
17 1 8
11 1 36
8 1 24
42 1 11
40 1 0
43 1 55
71 1 38
48 1 86
26 1 71
77 1 23
8 1 50
3 1 49
71 1 24
32 1 77
45 715 3292
37 2 46
93 1 14
11 1 34
8 1 67
37 2 95
65 1 57
80 50500 372261
61 1 17
82 1 11
41 1 10
5 1 17
51 1 29
78 1 36
7 1 34
34 25 24
41 1 25
71 1 19
32 1 47
53 1 22
96 1 294
15 1 9
5 1 60
21 1 12
95 1 18
21 1 55
45 1 35
48 1 4
70 1 19
78 1032 1591
44 1 65
23 1 67
42 1 10
87 1 49
5 1 8
82 14480 8209
93 1 3
20 1 22
52 504810 243964
90 1 33
85 1 46
96 1 54
71 1 56
44 1 42
1 1 28
75 1 55
14 1 5
33 1 30
44 1 92
25 1 22
23 1 5
77 1 26
97 805536 79879
61 1 35
40 1 3
37 1 16
53 1 52
39 1 69
38 1 43
43 1 53
84 1 55
97 1 12
35 1 4
61 1 52
26 1 68
18 1 51
91 1 16
11 1 79
3 1 46
57 1 1
96 1 45
20 1 46
78 1 15
1 671 1016
60 1 28
90 1 32
83 1 63
5 65 104
78 1 56
31 1 30
15 1 67
49 1 10
10 1 39
44 1 91
53 7 82
44 1 86
82 1 12
41 1 20
7 1 29
33 1 22
25 1 78
86 1 80
48 1 61
10 1 16
64 1 33
95 1 11
42 90 254
19 1 2
14 1 52
43 1 58
21 1 34
51 1 30
87 1 39
52 1 62
42 1 79
20 1 1
84 5030 808
5 158489 333711
46 1 31
7 1 72
21 1 40
40 310988 125105
52 1 64
25 1 77
5 1 42
70 51 60
28 127 454
35 492 40
1 1 10
25 1 39
71 1 10
55 1 6
57 1 44
91 1 39
65 1 0
17 1 9
26 1 48
31 1 51
12 1 12
48 1 88
77 1 58
18 1 59
52 1 74
48 1 22
42 1 21
40 3 49
95 1 34
75 1 20
18 1 54
14 1 0
25 1 65
19 1 50
61 1 38
84 1 25
15 856138 43475
50 1 17
32 3947 4423
14 1 13
44 1 81
40 1 66
6 1 19
90 1 3
47 1 19
45 1 17
83 1 5
15 1 65
67 16 9
48 1 40
43 1 18
1 1 59
79 1 0
27 1 14
23 1 43
38 12 404
33 1 56
91 1 37
44 93 93
21 1 20
7 1 11
75 1 19
75 1 37
7 1 23
6 1 28
79 1 5
29 1 4
91 1 52
5 1 7
75 1 6
43 1 20
50 1 5
42 1 82
88 1 6
88 1 10
20 1 38
85 1 22
79 1 16
29 1 27
42 1 38
53 1 50
26 1 40
61 1 58
84 1 10
0 234 10865
64 4 39
59 1 19
28 112530 153080
32 1 23
37 1 32
18 1 7
42 42 155
43 1 42
26 1 46
15 1 3
47 1 27
53 1885 273
38 1 47
28 1 0
64 1 37
5 1 2
86 1 44
93 1532 836
5 1 43
5 1 18
60 1 8
27 1 10
35 1 22
83 1 23
95 1 16
21 1 53
8 1 77
84 1 22
48 1 19
46 1 16
61 1 25
55 1 19
49 1 1
29 1 40
25 1 15
40 3066 2803
5 1 38
15 1 4
90 1 12
40 1 2
75 1 38
27 980 744
83 364859 407379
17 1 13
11 1 54
59 1 27
29 1 19
37 1 41
21 1 16
3 1 55
52 2 87
5 1 13
75 1 4
75 1 52
90 1 35
14 1 12
61 1 46
23 1 26
13 1 6
83 1 60
14 1 20
11 46 228
16 1 22
45 1 29
85 1 21
5 2 63
51 1 54
55 1 40
63 1 4
71 1 17
34 1 13
8 1 63
17 1 15
61 1 6
52 1 7
32 1 18
96 1 22
54 1 7
47 2 29
49 1 17
55 1 56
32 1 41
87 206 339
51 1 43
48 1 48
54 1 42
24 1 37
39 1 40
44 1 37
42 1 77
43 1 67
32 1 62
33 1 35
86 1 47
4 1 47
46 1 80
98 1 8
91 1 47
79 1 20
94 7 447
25 1 11
54 1 9
1 1 19
83 1 10
33 1 10
16 1 50
85 1 53
71 1 5
86 1 25
1 1 67
40 1 23
75 1 8
7 1 74
97 1 5
41 1 44
75 1 47
57 14904 6866
23 1 38
27 1 41
77 1 6
63 1 6
57 1 30
43 1 43
4 1 57
44 1 45
29 1 16
26 1 4
77 1 15
7 1 59
71 1 2
8 1 43
17 5437 4162
38 1 38
42 1 12
76 1 6
15 1 26
66 1 14
61 1 66
39 1 52
1 1 34
25 1 24
31 1 49
52 1 44
50 1 15
16 1 34
96 1 3
84 1 16
25 1 62
25 1 68
65 1 2
95 1 14
91 1 33
32 1 79
37 1 5
63 225 91
41 2449 420
38 1 16
90 1 41
56 130 485
19 1 7
25 1 5
22 1 0
54 1 70
10 1 0
11 1 45
45 1 27
59 1 4
15 1 38
79 1 23
65 1 40
71 1 16
57 1 60
48 1 79
47 1 9
38 1 53
86 1 83
87 104080 36851
61 1 62
96 1 9
83 1 20
1 1 7
14 139 81
43 1 82
59 1 26
29 1 17
50 1 25
57 1 22
18 1 39
69 2709 1154
75 1 23
32 1 27
80 1 9
78 1 34
47 1 22
48 1 84
25 1 71
86 1 62
17 1 19
27 1 74
84 1 65
78 1 65
25 1 75
87 1 53
5 1 23
91 7 62
14 1 37
27 1 30
82 1 7
52 1 28
21 1 25
39 1 49
65 1 11
65 1 34
52 1 18
39 5 73
27 1 69
39 33059 172337
95 1 23
50 3400 80257
28 1 12
5 1 35
41 1 37
33 1 21
60 139828 514112
63 10392 15309
67 1 1
23 1 37
84 1 1
68 2067 1695
29 1 20
60 1 12
43 1 3
84 1 62
70 1 8
45 1 6
91 1 50
46 1 24
45 1 52
48 1 23
20 1 18
11 1 33
49 1 8
7 1 7
43 1 44
38 1 37
47 1 1
78 1 2
59 1 23
7 1 14
43 1 21
16 1 1
43 1 26
23 1 16
44 1 34
74 6895 18028
52 1 79
54 1 54
38 14 71
83 1 55
27 1 53
57 1 41
90 1 65
21 1 43
52 1 50
7 1 4
44 1 90
8 1 6
52 1 43
14 1 27
83 1 91
8 1 38
59 1 18
48 2281 233
43 1 11
44 225 1149
31 1 11
25 66 107
18 1 49
44 1 56
8 1 64
49 1 15
77 403 168
25 1 54
45 1 11
43 1 24
23 1 18
75 1 48
48 1 57
45 1 40
47 160726 25487
10 1 2
9 1 14
90 17 73
13 1 8
23 1 68
27 1 82
38 1 52
84 1 17
39 1 32
5 1 30
78 1 46
34 1 4
93 1 4
43 1 9
11 1 53
37 1 28
64 1 0
52 1 67
32 1 46
45 481 4213
32 1 2
11 1 57
21 1 15
59 208 57
61 1 7
11 1 66
28 1 16
57 1 26
77 1 70
25 1 28
49 1 23
77 1 13
26 1 66
84 1 46
21 1 54
61 105 612
16 1 55
23 1 57
22 848 28
52 1 12
38 2 57
3 1 47
54 1 56
93 1 36
52 1 66
78 1 68
33 1 8
21 74898 88062
74 1 8
20 1 34
29 1 66
46 1 64
43 1 51
39 1 9
29 1 7
26 1 19
75 18 84
83 1 59
46 1 7
92 1353 1795
86 1 11
65 15110 5666
28 1 36
52 3817 2183
86 1 41
48 1 90
4 1 30
78 1 5
2 2904 4971
32 1 60
11 1 24
24 1 50
85 1 66
10 1 13
17 1 6
18 1 30
40 1 16
58 1 4
7 1 88
80 1 4
89 1 2
86 1 34
78 1 18
48 1 25
17 7699 17928
46 1 71
96 1 11
8 1 9
17 1 3
6 1 33
65 1 33
39 1 17
86 1 38
5 1 46
82 1 3
44 59640 4404
4 1 7
10 1 48
93 1 30
48 1 51
90 14 196
61 1 50
86 1 49
46 1 87
21 1 2
86 1 52
57 1 10
7 1 76
16 1 35
71 1 27
96 1 30
54 1 76
97 1 2
26 1 0
90 1 48
16 1 19
91 1 19
8 1 5
32 1 20
21 1 31
44 1 16
83 1 35
24 1 55
3 1 29
51 1 32
43 1 38
15 1 11
53 1 19
15 1 21
90 1 50
87 1 36
7 1 13
91 1 43
8 1 60
48 1 37
11 1 29
58 111758 7539
79 1 17
44 1 61
48 1 20
32 1 37
59 1 8
70 5 48
86 1 61
88 19982 2638
83 1 76
27 1 72
28 1 4
37 9 53
11 1 65
86 1 8
88 1 9
14 1 62
56 1 1
25 1 76
61 1 27
50 1 24
24 1 65
54 1 53
42 1 71
87 1 16
57 1 58
10 1 27
21 1 48
48 1 44
95 1 24
86 1 84
85 1 7
77 1 52
18 1 53
77 1 46
37 1 42
60 1 27
25 1 33
96 308573 409117
8 1 61
65 1 42
45 2 71
44 1 51
10 1 43
70 2 38
27 1 89
48 1 87
6 1 18
60 1 20
15 1 15
39 1 46
42 1 80
28 1 50
7 1 79
15 1 34
41 1 11
79 1 12
97 1 10
45 1 49
21 1 56
91 1 1
3 1 20
51 63 166
46 1 46
77 1 14
14 1 60
7 1 10
5 1 15
79 2672 1113
61 1 39
3 1 11
23 1 40
91 1 36
83 11 94
33 1 24
52 1 4
9 1 4
31 1 6
86 1 69
46 1 69
71 1 47
64 1 24
93 1 13
31 1 47
41 1 21
97 1 33
38 1 9
84 1 6
14 1 61
43 1 30
74 1 2
71 114196 309998
26 1 79
24 1 58
85 1 49
50 1481 2843
45 221 87
9 1 2
46 1 20
51 1 60
14 1 22
26 1 32
5 1 50
60 3 44
5 1 49
21 1 4
96 1 26
11 1 52
39 1 61
84 1 4
57 1 31
23 1 11
97 1 23
77 1 71
17 271517 474231
65 1 4
86 1 18
78 1 3
48 1 103
81 421874 494659
16 1 57
23 1 73
65 1 13
41 1 15
83 2 92
54 1 3
52 1 60
27 1 19
46 1 44
88 1 7
57 1 66
43 1 61
4 1 56
43 7 104
53 1 27
83 1 26
60 1 21
9 1 15
32 1 16
37 1 14
55 1 0
57 1 18
13 42172 34752
57 1 12
97 1 15
29 1 41
47 1 2
1 1 32
26 1 51
87 1 28
15 1 31
31 1 37
40 1 11
90 1 42
57 659 2665
45 1 50
14 1 40
10 1 52
65 1 54
8 1 11
1 1 39
34 1 16
86 1 54
28 5 76
39 1 53
18 1 21
20 1 52
24 1 40
6 1 10
70 1 17
90 1 20
52 1 27
2 57 234
75 1 53
39 1 0
16 332797 405556
71 1 51
14 1 24
15 1 64
19 31 64
54 1 5
8 5 84
54 1 38
21 4608 6337
86 1 39
41 1 1
10 1 3
31 1 7
46 1 9
16 1 39
32 1 59
92 321 415
13 132 185
7 2433 94368
43 1 62
4 1 66
39 1 8
71 13358 2682
14 1 32
15 1 56
52 21384 20301
59 1 15
0 93 19
89 24 18
37 1 8
43 1 28
37 1 9
3 1 17
48 1 35
52 1 16
97 1 1
31 1 14
21 1 36
11 1 81
24 1 42
9 1 16
48 1 64
25 1 64
44 1 8
71 29 115
28 1 34
57 1 33
54 1 80
75 1 58
37 1 36
83 1 37
87 1 60
7 1 48
32 1 53
75 1 59
55 1 26
11 1 9
91 1 46
41 1 18
82 6 32
14 2011 195783
19 2 57
25 1 45
23 1 35
63 1 17
19 1 40
19 1 56
46 1 73
54 1 35
46 1 49
51 1 38
64 1 25
83 1 88
3 1 44
64 1 10
8 1 29
11 1 5
7 1 32
20 1 8
10 1676 389
4 1 14
32 1 3
48 1 42
38 1 32
87 1 38
71 1 31
35 1 3
44 1 47
14 1 28
3 1 67
85 1 43
96 1 36
61 1 0
90 1 15
47 1 15
74 46932 141852
79 1 18
70 1 12
15 1 71
74 474125 514548
24 1 68
26 1 90
61 1 15
10 4 81
42 1 49
96 1 20
64 1 2
28 1 38
77 1 61
64 1 7
47 1 18
79 1 29
33 1 40
55 1 54
54 1 25
87 1 7
59 1 28
27 1 64
11 1 22
35 1 26
53 1 40
37 1 23
16 1 23
21 1 49
23 1 47
77 1 33
14 1 53
54 1 81
71 1 0
88 207 281
84 1 48
4 1 81
42 1 28
52 1 20
56 32 77
27 1 65
84 1 14
25 1 14
5 1 5
24 1 51
77 1 37
8 1 28
54 1 11
82 1 4
77 1 53
86 1 10
61 1 29
85 1 10
51 1 26
96 1 31
5 1 45
57 1 36
47 1941 613
23 1 33
23 1 4
89 1 8
65 1 25
27 1 45
5 1 48
0 164515 56180
27 1 43
55 1 8
16 1 12
86 1 28
54 1 2
19 2906 14074
32 1 36
18 1 41
24 1 39
65 1 35
77 1 10
49 6 24
97 1 17
41 1 50
6 1 31
93 180 71
4 1 6
24 1 66
32 1 58
23 1 62
10 1 54
47 1 16
5 1 59
3 1 14
52 1 81
33 1 34
39 1 42
46 1 27
34 1 10
9 1 22
6 1 4
49 1 5
37 193 847
8 1 21
50 148 1225
85 1 15
39 1 21
4 1 24
33 54 2415
64 1 27
22 1 1
5 1 32
82 1 9
41 1 43
41 1 29
38 1 6
97 1 22
90 1 45
66 1 15
39 1 58
46 1 22
83 1 84
34 1 0
91 1 4
27 1 11
85 1 38
51 1 62
21 83 100
10 1 76
39 1 22
44 1 57
97 1 37
24 1 10
92 1 0
64 1 1
42 1 31
86 1 16
37 1 20
97 1 25
28 1 8
1 1 27
42 29361 120590
11 1 39
66 1 1
26 1 24
57 1 5
54 1 22
28 1 14
42 1 36
50 1 10
25 1 36
84 1 44
5 1 10
86 112 96
71 1 57
80 1 7
21 1 35
47 1 4
10 8 85
39 1 24
7 1 3
48 1 81
2 1 4
40 1 26
42 1 16
61 1 23
23 65479 65766
34 1 9
90 1 1
10 1 26
50 1 28
31 1 48
3 1 7
65 1 26
89 1 0
2 6 9
55 1 15
3 1 53
46 1 88
31 641 139
4 1 36
12 1 8
29 1 46
77 1 36
9 1 30
83 1 22
83 1 90
95 1 21
10 1 58
33 1 32
87 1 41
51 1 52
91 1 59
65 1 8
5 1 56
51 1 14
26 1 45
81 134 1024
42 1 47
15 1 41
18 1 3
86 1 13
91 1 32
0 5304 14452
91 1 48
11 1 0
96 1 15
48 1 55
15 1 72
60 1 2
48 1 73
42 28144 25376
51 1 9
11 1 10
24 1 23
16 1 27
4 1 25
7 1 27
32 1 67
64 1 12
29 1 49
91 9921 8055
51 1 4
3 1 2
3 1 41
4 1 70
97 1599 595
25 1 48
70 1 6
7 1 33
57 1 32
10 1 19
28 1 7
55 1 55
20 1 15
4 1 3
63 2 26
64 1 15
43 1 86
42 1 75
53 1 29
95 1 6
86 1 36
18 1 48
51 1 12
53 1 43
38 1 14
87 1 48
87 15 285
60 1 36
26 1 6
32 1 38
60 1 1
78 3 94
48 151136 519399
78 8 84
37 1 24
86 1 15
31 1 41
42 1 8
42 1 19
51 1 51
50 1 33
86 1 72
2 587 2598
71 1 36
45 1 0
1 1 2
49 25 147
46 1 6
86 1 81
38 126134 25638
84 1 30
8 1 82
5 1 19
79 1 8
41 1 42
26 1 74
86 1 64
85 1 35
71 1 21
83 1 67
61 1 57
86 1 76
89 343 370
27 1 44
77 1 25
41 1 13
51 1 7
46 2 92
49 1 0
15 1 8
26 1 39
43 1 46
58 1 6
4 1 73
9 1 24
50 1 44
28 1 13
78 1 51
79 1 27
32 1 6
44 1 79
4 1 26
1 1 66
59 1 17
84 212 110
8 1 49
86 1 50
52 1 69
76 2002 42017
91 1 23
42 1 66
42 1 51
50 1 18
11 1 42
44 1 66
33 1 20
85 1 52
59 1 10
78 1 31
71 1 13
45 1 15
92 2 9
5 1 51
19 1 54
38 1 46
92 1 7
96 1 8
90 1 49
64 1 36
42 1 30
20 215 116
42 1 48
15 1 55
87 1 1
65 1 51
70 1 15
44 1 71
61 1 33
1 1 25
1 1 65
95 1 32
91 1 2
18 1 33
54 1 62
16 1 44
21 1 14
52 1 41
91 1 5
4 1 16
97 1 27
9 467 146
37 1 10
42 1 32
31 1 19
52 1 65
65 1 28
71 1 30
24 1 13
50 1 2
31 1 42
57 1 28
1 1 47
51 1 45
46 1 95
82 1 6
41 1 45
78 1 60
97 1 14
28 1 5
84 3 66
8 1 14
54 1 10
1 1 3
3 1 31
95 1 26
48 1 91
43 1 69
16 1427 206
50 1 41
19 1 49
32 1 68
15 2668 270
68 3586 7010
39 1 45
96 1 23
27 1 55
25 1 26
1 1 56
7 1 39
28 1 10
5 1 14
84 1 53
40 1 30
5 2894 5156
16 1 9
18 1 31
6 1 23
27 1 13
78 1 49
32 1 61
54 531017 129766
69 2 6
51 1 71
48 1 15
4 22656 405174
3 1 28
45 1 33
31 369768 328927
57 1 62
46 1 41
27 1 86
24 1 35
96 1 32
91 1 7
90 1 53
31 1 54
91 74 176
31 1 33
43 1 71
17 1 12
93 1 5
75 1 18
45 1 8
50 2 54
27 1 37
9 1 20
50 1 13
4 1 46
52 1 59
71 1 58
91 1 12
1 1 55
45 1 22
87 1 21
91 1 24
29 1 29
15 1 10
77 1 0
8 1 51
20 1 36
4 1 0
16 1 65
27 1 61
26 1 42
34 1 5
77 1 51
57 1 52
75 1 50
46 1 60
90 4674 517
86 1 85
7 1 46
13 1 11
18 1 13
7 1 57
47 1 28
61 1 30
90 1 7
48 1 69
38 1 44
6 1 24
57 1 24
61 1 13
21 1 51
81 114 247
84 1 0
52 1 1
71 1 28
20 1 37
8 1 30
84 1 5
54 1 15
18 133 66
77 118918 632316
54 1 26
15 1 49
29 1 58
28 144 174
20 1 6
42 1 72
59 1 3
40 1 10
39 1 23
25 1 1
15 1 28
85 1 20
51 1 58
8 1 68
24 1 11
51 1 37
86 1 33
53 1 6
86 1 22
95 1 28
20 1 4
75 1 26
48 1 8
37 1 34
68 9994 40542
90 1 18
13 1 9
25 1 43
64 1 34
3 1 10
61 1 26
44 1 41
21 185831 294099
56 1 4
18 1 24
4 1 71
57 1 29
55 1 29
54 1 68
18 1 6
24 1 70
41 1 57
20 1 3
60 1 19
37 7 62
43 1 22
19 1 41
6 1 13
96 16 76
3 1 16
29 6 83
14 1 25
45 1 37
71 11 72
55 1 9
26 16 95
16 1 17
57 1 3
71 1 55
54 119 308
26 1 89
7 210 256
20 1 11
70 1 14
46 1 77
11 1 31
87 1 40
61 1 5
85 756 1963
38 1 51
26 1 65
66 1 4
86 2 90
58 1 0
37 52831 136822
60 1 13
27 1 23
26 1 70
50 1 32
79 1 15
32 1 78
78 1 29
10 1 21
53 1 23
8 1 17
18 1 60
83 1 8
44 1 76
56 1 0
8 1 7
86 1 0
85 1 34
46 1 42
43 1 49
93 1 31
10 1 44
7 1 67
14 1 1
23 1 7
12 764 1371
24 1 38
61 1 2
27 1 63
66 1 8
57 1 59
3 1 25
83 1 17
24 1 52
38 1 26
15 1 61
79 85814 340270
57 1 9
19 1 14
23 1 10
53 1 71
90 1 39
54 1 31
23 1 2
25 1 19
19 1 45
4 1 83
15 1 48
98 1 3
37 1 39
40 1 28
23 1 22
45 1 23
26 1 52
3 1 15
44 1 85
44 1 10
42 1 40
39 1 55
60 1 4
93 1 16
39 161938 9157
18 1 56
86 1 92
26 1 84
44 1 89
55 1 13
8 1 83
78 1 45
11 1 59
85 1 32
19 1 30
44 1 46
44 1 64
35 1 17
1 1 78
30 16180 217724
46 1 62
77 1 40
23 1 63
4 1 69
4 1 72
32 1 4
3 1 64
7 1 61
87 1 47
80 1 11
29 1 30
91 1 53
48 1 68
59 222327 602171
10 1 70
41 1 38
78 1 75
55 1 7
7 95453 798508
23 1 14
26 1 76
25 1 7
79 1 38
77 1 63
57 1 4
50 1 4
55 1 39
9 1 12
53 1 53
0 1 13
11 1 68
45 1 53
26 1 75
95 1 29
27 1 17
83 1 32
65 16 63
20 1 0
1 1 12
4 1 48
87 1 5
51 1 41
4 1 20
19 1 17
2 12 78
16 1 63
54 1 13
15 1 62
91 1 29
7 1 49
52 1 68
83 1 48
58 1 3
83 1 58
52 1 26
4 1 5
53 1 11
52 1 51
46 1 2
45 1 3
83 1 36
71 1 12
49 1 20
63 1 24
69 525741 72465
11 1 50
48 1 80
1 1 5
28 1 31
29 1 39
16 1 59
9 1 29
52 1 17
37 1 15
90 1 46
54 1 1
11 1 46
50 1 19
73 8951 2809
45 1 61
41 1 0
53 1 54
28 1 29
61 1 45
40 1 27
35 1 8
3 1 5
61 1 70
14 1 49
16 1 24
74 1 13
54 1 51
92 1 6
83 1 82
53 1 41
57 1 64
15 11 76
39 1 16
85 1 0
45 1 48
70 1 16
85 1 64
84 1 60
43 1 39
8 1 69
71 1 42
33 1 42
43 1 78
52 1 0
46 1 59
19 1 23
76 16444 21971
86 1 7
86 1 58
37 1 29
7 78 126
65 1 27
75 1 5
16 1 5
52 1 85
48 1 41
34 1 11
31 1 15
16 1 60
38 1 28
16 1 25
84 1 43
38 1 10
43 14221 8960
23 2 76
41 1 47
34 1 1
39 1 13
82 5 14
86 1 53
10 1 47
91 1 18
3 1 63
38 1 24
79 1 3
24 1 63
41 1 3
50 1 22
34 1 6
43 1 81
9 1 31
4 1 52
14 1 18
84 1 27
59 1 13
86 1 55
50 1 21
33 1 2
1 1 31
67 2 4
27 1 31
55 30 116
83 1 57
0 1 0
54 1 55
93 1 7
4 1157 2554
81 19 221
54 1 45
83 1 29
23 6103 4881
46 1 53
18 1 35
41 1 36
51 1 5
21 1 23
1 1 45
22 5 10
40 282 216
13 1 10
19 1 39
96 1 25
46 1 48
51 1 15
84 1 38
79 250226 7789
96 1 21
64 1 28
52 1 36
23 1 61
40 1 24
15 1 33
17 1 4
45 1 51
52 1 76
61 1 41
44 1 25
24 1 33
24 1 17
43 1 1
8 1 44
5 1 40
18 1 18
9 1 32
8 1 1
90 1 17
57 1 50
63 2084 1492
0 1 4
61 1 14
94 2 84
26 1 54
19 1 18
44 1 24
61 1 48
51 1 39
9 1 33
35 1 30
7 1 41
90 1 36
43 1 83
80 1 3
23 1 45
18 1 36
46 341 2644
93 1 25
85 1 67
52 1 22
41 1 32
27 1 54
84 1 7
44 1 26
33 1 39
37 1 19
93 1 10
4 1 38
43 1 47
95 1 13
20 1 43
71 1 39
90 1 10
63 1 10
85 1 59
91 1 57
97 213 354
37 1 7
85 1 23
55 1 48
57 1 7
74 1 11
49 1 9
52 1 49
42 1 57
15 1 23
3 1 52
3 1 68
13 1 3
16 1 45
26 1 28
50 3286 5296
91 1 14
4 2947 5441
32 1 21
60 14819 434572
29 1 54
87 1 22
65 71 193
5 1 24
24 1 61
28 1 23
42 1 0
88 1 1
13 1 0
54 1 74
28 1 45
10 1 45
25 1 21
32 1 39
6 1 12
5 1 65
3 27269 3019
74 2 18
64 1 8
83 1 53
80 1 14
48 1 45
0 1 9
53 1 48
4 1 41
45 1 1
84 1 52
86 1 86
93 1 11
85 1 11
83 1 2
17 1 27
61 1 24
32 1 69
41 1 35
32 1 25
61 1 32
55 1 32
71 1 54
27 1 73
54 1 49
52 1 57
83 1 80
49 13453 383452
78 1 64
16 1 28
45 1 56
4 1 58
63 11 46
65 11 85
15 1 42
53 1 16
15 1 45
66 9683 248
31 1 28
61 7 74
39 3 79
52 1 11
26 1 69
43 1 50
37 1 31
1 1 6
41 1 16
88 1 0
37 1 12
61 654414 67974
40 1 6
11 1 7
86 1 27
1 1 60
87 1 55
6 7 55
26 1 41
83 1 13
87 1 19
23 1 50
78 1 30
85 1 27
42 1 86
20 1 2
44 1 39
18 1 23
83 1 89
10 1 11
74 1 9
11 1 20
16 6429 10290
61 1 61
37 1 4
95 1 0
84 1 37
50 1 39
61 1 44
85 1 40
65 1 61
86 1 63
9 1 0
25 1 18
91 1 8
54 1 63
5 1 41
78 1 25
14 1 57
19 1 52
16 1 0
96 1 38
44 1 69
46 1 89
4 1 61
12 5436 5214
43 1 57
86 1 78
35 1 20
9 1 5
43 1 29
95 237 473
79 1 25
73 65176 60053
3 1 37
57 1 63
74 24 34
51 1 19
86 1 75
67 94 69
53 1 38
48 1 26
4 1 50
18 1 38
75 1 35
16 1 52
43 1 66
15 1 69
54 1 32
78 1 54
2 1 8
44 1 58
59 1 1
33 1 37
54 1 59
3 1 58
5 362 183
86 498 1962
57 1 25
45 1 13
33 1 58
48 1 3
90 1 28
77 1 24
25 1 29
90 1 60
51 19 83
10 1 40
50 1 14
66 1 5
60 1 14
2 108170 27662
79 1 26
87 1 30
16 1 29
83 1 78
21 1 52
81 133 836
11 1 23
1 1 4
55 12 74
38 1 34
84 1 13
14 1 56
11 1 30
19 1 1
77 1 48
96 1 18
23 1 0
28 1 20
48 1 43
51 1 8
75 523296 466788
4 1 2
31 1 13
25 1 57
39 1 43
59 1 31
38 1 48
40 1712 648
37 592 191
8 1 40
30 33723 53049
53 1 36
23 1 15
4 1 10
42 1 84
4 1 22
9 1 10
92 86 305
46 1 61
23 1 65
1 14009 29074
86 1 2
27 1 34
12 12 58
20 1407 27618
84 1 42
33 1 52
54 1 29
85 1 54
97 1 28
46 1 21
86 1 35
65 1 48
16 1 31
4 1224 395
24 1 71
29 1 68
52 1 40
83 1 47
85 1 48
44 1 12
36 476 252
55 1 2
87 1 33
26 1 30
29 1 23
23 1 56
52 1 73
18 1 58
48 1 54
39 1 15
47 1 10
97 1 34
39 1 65
55 1 57
24 1 64
53 1 39
49 1 12
7 1 83
70 460589 2797
14 1 36
85 1 65
87 1 17
42 1 70
8 1 26
10 1 4
84 1 47
3 2606 137
46 1 40
15 1 70
31 1 23
76 1 3
84 1 54
7 1 69
25 1 70
93 1 19
93 1 22
97 1 3
5 1 47
54 1 16
44 1 63
80 1 1
18 1 16
66 7458 45654
75 1 9
65 1 22
44 1 14
41 1 48
86 1 40
16 1 38
64 12 52
60 1 39
9 1 19
37 1 33
27 1 57
39 1 2
91 1 35
28 3196 2825
61 1 21
10 1 59
89 2580 729
93 280746 7278
91 1 44
53 1 67
42 1 43
52 1 39
11 1 67
90 1 16
8 1 48
19 1 9
7 1 66
78 1 42
6 23112 703
27 1 8
70 1 23
6 1 29
29 1 6
7 1 26
57 1 40
41 1 4
18 1 8
55 1 16
78 2 76
71 650 287
10 1 10
21 1 45
38 1 12
5 1 11
44 1 60
4 1 79
4 1 31
65 1 46
85 1 60
9 1 13
75 1 49
44 1 3
3 1 32
26 1 11
95 1 30
74 1 15
20 20 66
42 1 55
39 865 84
75 1 44
90 64 93
23 1 20
54 1 69
6 1 5
64 1 35
10 1 37
8 1 4
50 1 47
5 1 33
31 1 24
11 1 74
83 1 28
31 1 4
24 1 14
16 1 53
39 1 11
44 1 53
4 1 13
55 1 12
14 1 45
78 1 38
18 1 19
39 1 7
46 1 26
41 38766 177533
92 1 4
23 1 69
29 7590 7777
11 5 82
27 2 111
55 1 25
75 1 13
78 60417 44982
10 1 25
3 1 8
43 1 19
79 1 30
85 1 36
90 1 34
60 1 15
8 1 41
91 1 27
15 1 12
77 1 1
96 1 1
98 3 10
47 1 6
14 1 41
18 3 62
16 1 15
97 1 7
93 1 8
97 1 21
48 1 24
77 25983 12260
65 1 37
61 1 49
63 1 8
2 1 3
48 1 63
92 1 8
44 1 38
87 1 52
84 1 12
45 1 58
65 1 59
14 1 2
9 1 3
19 1 37
75 1 1
27 1 60
3 1 35
38 1 20
61 1 51
35 1 18
83 32052 3782
39 1 19
23 1 19
44 1 9
53 1 60
53 1 42
71 1 46
95 1 2
45 1 41
66 839630 53682
87 1 24
50 1 36
47 1 25
25 1 4
54 1 66
7 1 40
89 1 3
5 1 54
33 1 55
26 1 85
55 1 18
45 1 60
96 1 39
27 1 0
29 1 3
27 1 42
46 1 14
91 1 30
52 1 83
78 1 61
96 1 28
50 1 37
47 1 20
20 1 28
52 1 24
91 1 3
33 1 26
11 1 70
90 1 59
35 1 10
87 1 32
6 6 46
24 1 1
76 1 2
91 1 34
86 1 87
45 1 18
44 843 1596
29 1 43
31 1 44
95 10 35
33 1 41
28 1 28
75 1 43
32 1 80
71 1 44
55 1 28
45 1 21
61 1 59
68 379040 130816
28 1 32
44 1 17
53 1 28
4 1 11
54 1 8
10 1 33
41 1 5
29 1 1
29 1 56
55 1 1
57 1 43
44 1 43
31 1 21
11 1 16
33 12 89
79 1 32
36 307983 3229
1 1 23
71 1 33
10 1 42
9 4076 4822
95 11 51
19 1 33
29 1 10
36 64 22
78 1 32
50 1 9
43 1 59
8 1 36
85 1 51
26 1 61
24 1 15
43 1 68
39 1 50
25 1 58
33 1 15
46 1 72
7 1 43
51 1 36
85 1 61
4 1 54
1 1 33
25 99 194
26 1 2
90 1 43
82 1 8
13 6592 1015
43 1 8
78 1 6
61 1 10
64 1 18
95 1 19
86 1 66
18 1 17
1 4 80
79 1 31
38 1 39
53 1 31
27 1 70
51 1 33
57 1 14
28 1 22
45 1 54
90 1 63
52 1 56
27 1 36
37 1 18
15 1 6
66 1 13
95 1 31
39 1 44
27 1 67
53 1 58
4 1 67
62 2 5
81 2 6
33 1 5
86 1 30
14 1 8
20 1 33
85 1 4
29 1 35
32 1 40
26 63837 13735
77 1 3
33 1 14
1 1 54
44 1 11
18 1 9
85 1 14
23 1 36
39 271 1903
43 83990 40426
66 1 18
16 1 61
59 1 29
18 1 20
42 1 45
62 1 4
35 1 21
3 1 4
18 1 32
4 6 86
43 1 73
42 1 81
55 1 22
7 1 18
42 1 65
86 1 6
64 1 32
26 1 58
52 24 99
95 1 25
95 1 9
70 1 4
66 1 0
27 1 6
56 21 42
54 1 33
70 1 0
21 1 8
79 1 7
27 282 152
5 1 26
16 1 48
7 1 1
26 1 53
51 1 6
32 1 13
23 1 31
38 1 8
8 1 18
31 1 36
39 1 71
87 1 4
53 1 64
27 1 87
55 1 51
29 1 36
40 1 20
54 1 40
7 1 85
86 1 43
48 1 66
65 1 47
27 1 80
48 1 78
19 1 10
42 1 63
46 67 1893
25 2736 9833
3 1 34
35 1 1
77 1 42
39 1 60
86 1 71
88 798586 59127
66 1 2
98 1 2
10 1 6
38 1 35
27 1 77
10 1 62
27 1 9
50 1 51
23 1 27
1 1 9
35 950 1754
34 1 2
6 1 1
18 1 50
84 1 2
43 1 17
15 1 44
16 1 51
17 45180 79695
20 1 54
64 7481 1938
29 1 47
11 1 51
53 1 20
22 1 2
34 1 8
6 1 8
87 1 2
26 1 56
64 1 13
71 1 50
48 1 39
53 1 12
77 1 18
28 1 41
70 42 259
16 1 66
10 9202 37955
57 1 21
52 1 13
83 1 68
87 1 45
5 1 58
97 3535 10051
84 1 58
66 16 77
35 1 27
24 1 69
17 1 11
10 482667 388765
65 1 21
42 1 9
33 1 13
3 1 26
39 1 68
11 1 64
61 1 67
75 1 40
48 1 11
65 1 45
9 1 18
85 1 24
18 1 46
8 1 19
4 1 80
11 1 73
48 1 59
1 1 69
25 1 69
45 1 12
53 1 66
19 1 36
85 1 57
38 77 489
46 1 19
87 1 12
21 1 42
66 33 22
24 1 59
11 1 44
32 1 14
42 1 27
48 1 71
41 1 26
43 1 79
54 2 82
46 1 35
7 1 84
32 1 15
52 1 71
93 1 37
15 1 57
3 1 1
55 1 50
84 1 24
28 1 1
61 1 31
7 1 24
15 1 51
96 1 41
85 1 37
51 1 42
57 539387 451830
77 1 35
33 1 0
46 337 271
93 1 33
4 1 42
83 1 77
11 1 4
52 1 45
26 1 29
23 1 13
9 44867 41088
73 25076 27603
45 1 36
52 1 14
26 1 27
4 1 60
26 1 35
13 1 5
17 1 5
20 1 48
91 1 51
85 1 45
41 1 19
14 1 16
63 1 23
39 1 35
7 1 12
6 1 17
84 1 8
14 1 43
96 1 46
57 1 20
3 107528 197576
78 1 57
83 1 9
31 1 0
66 1 3
29 1 63
1 1 29
15 1 27
44 1 22
39 1 66
15 1 16
52 1 53
14 1 30
97 1 11
12 1 13
24 1 8
50 1 6
27 1 56
77 1 4
27 1 16
79 1 10
44 1 50
27 1 32
30 393483 375324
27 1 22
59 1 20
75 1 29
77 1 22
86 1 19
16 1 41
8 1 70
52 1 75
42 1 1
64 1 9
91 1 71
65 1 12
1 1 21
8 1 81
55 1 44
46 1 85
4 1 74
35 1 13
57 1 8
70 1001 451
25 1 74
97 16604 14589
19 1 44
37 1 30
10 1 51
53 1 55
27 1 50
29 1 13
24 1 3
65 1 39
93 1 34
52 1 37
85 1 26
97 1 18
51 1 68
75 1 25
45 1 66
21 1 13
10 1088 3022
25 1 3
78 1 41
54 1 67
76 1 4
0 1 8
5 1 21
41 1 59
87 1 9
0 1 2
46 11 100
26 1 49
1 1 58
35 1 14
3 1 38
27 1 66
25 1 8
87 1 20
27 1 1
8 1 78
44 1 88
8 1 23
27 1 12
16 313 6955
82 191 91
90 1 19
8 1 73
29 1 61
38 1 1
50 1 42
23 1 66
26 138 117
37 1 27
24 1 0
23 1 34
47 1 5
98 1 1
28 1 42
64 63 546
55 1 53
97 1 30
35 673 1040
97 1 13
21 1 32
93 1 23
43 1 70
66 1 19
57 1 65
34 1 7
27 1 83
54 1 28
25 1 13
8 1 20
79 1 42
42 1 23
25 500199 63802
43 1 45
82 839238 51442
83 1 54
65 1 7
23 1 39
23 1 70
27 1 7
15 1 54
91 1 20
93 1 24
48 1 33
41 1 52
35 1 11
53 1 21
55 1 37
75 1 56
48 1 70
77 1 67
4 1 55
32 1 51
4 1 45
66 1 6
60 1 7
49 157 3099
83 1 49
3 1 24
57 1 6
9 1 9
34 233 203
44 1 59
96 1 0
63 1 18
20 1 13
54 1 43
55 1 17
5 1 29
25 1 67
77 1 9
90 1 51
80 1 12
16 1 33
33 15254 8963
45 1 63
8 13 131
87 1 31
49 1 16
8 1 0
16 1 3
78 1 39
17 1 10
71 1 23
79 1 4
33 1 54
47 1 12
26 1 43
85 1 16
26 1 37
14 1 33
42 1 64
55 1 34
31 1 8
78 1 66
17 1 22
3 1 33
86 1 1
44 1 73
83 1165 265
43 1 64
32 292 208
83 1 18
77 1 59
24 1 62
37 1 0
90 1 64
42 1 17
31 1 5
16 1 14
52 1 72
55 1 46
45 646550 101824
55 1 11
48 1 16
74 1 12
42 327 2137
7 1 52
75 1 54
16 1 37
74 3 30
90 259821 118839
10 1 56
23 1 29
33 6 80
27 1 76
52 1 6
55 1 4
74 1 6
22 15829 12536
83 1 46
41 1 49
83 1 7
53 1 15
83 1 16
39 1 51
52 1 23
28 1 48
37 1 22
53 1 3
24 1 26
58 1 12
19 1 15
24 1 16
14 1 42
45 1 7
77 1939 4182
66 1 21
77 1 75
69 51 28
15 1 30
40 1 14
40 1 1
10 1 23
31 31 56
48 1 32
1 1 52
54 1 41
48 1 74
49 1 2
60 22 54
27 1 25
83 1 15
45 1 28
80 56790 10879
84 1 31
29 1 52
19 1 48
40 1 5
84 1 41
66 1 9
97 1 40
32 1 75
71 1 41
10 1 75
15 1 73
75 3375 2850
83 1 81
27 1 81
77 1 27
51 1 16
26 1 47
31 1 9
26 1 23
71 1 9
46 1 82
18 1 47
79 657 124
19 1 8
86 7343 3519
31 1 26
95 1 10
31 1 2
6 1 25
21 1 27
28 1 6
43 1 60
43 1 37
90 1 23
21 1 3
86 1 77
80 8 23
25 1 56
8 1518 723
54 1 73
61 1 47
28 1 33
1 1 14
53 1 56
29 1 55
50 1 38
86 1 37
46 1 84
60 8752 15548
57 1 0
23 1 53
32 1 49
75 1 28
20 1 45
23 1 8
33 1 36
48 1 50
80 1 6
45 1 5
86 1 9
57 1 17
41 1 14
51 2 74
20 1 53
49 1 7
87 1 18
77 1 19
27 28 508
32 1 28
86 1 89
51 1 66
19 1 55
62 86 497
71 1 3
83 1 44
9 1 7
6 1 2
17 1 17
29 1 14
26 854 495
2 1 5
18 1 5
6 1 15
23 1 32
27 1 62
47 1 17
75 1 31
17 1 14
32 1 70
29 16 189
33 1 28
97 1 4
46 1 43
15 1803 5350
32 1 73
1 1 16
25 1 38
22 1 3
4 1 21
45 1 59
24 1 34
23 1 17
23 1 24
25 1 51
50 1 27
21 1 39
54 1 46
8 1 32
4 1 64
32 1 42
33 1 51
11 1 2
90 1 29
19 1 26
16 1 32
87 1 3
14 1 17
63 1 19
95 1 17
23 1 28
91 1 13
19 1 51
38 1 40
50 1 20
46 1 3
32 1 17
46 1 17
29 1 60
27 1 2
7 1 47
25 1 40
27 1 71
89 1 9
75 1 42
8 1 57
57 1 11
51 1 59
4 1 23
96 1 33
48 1 46
1 1 64
45 1 9
77 1 57
41 147 235
39 1 56
91 177790 25358
4 1 8
46 1 70
54 1 17
44 1 30
39 1 34
75 1 45
27 1 46
58 1 10
20 1 23
20 1 29
61 1 20
77 1 54
85 1 55
87 17816 9361
85 4 71
11 1 58
4 1 33
57 1 49
25 1 41
4 1 63
44 1 33
75 1 15
60 1 35
44 1 72
95 1 3
51 1 3
48 1 29
95 1 22
78 1 58
46 1 10
53 1 35
61 1 55
96 1 16
53 1 59
23 1 49
21 1 38
5 1 16
44 1 82
50 1 43
13 1 4
7 1 22
67 71 1167
86 1 12
5 1 57
65 1 53
40 1 12
61 1 54
90 1 30
85 1 41
32 1 9
1 1 42
7 1 35
14 90686 793609
75 1 34
75 1 39
59 1 2
55 1 33
29 1 59
78 1 73
15 1 59
95 1 7
42 1 13
19 1 46
49 1 21
67 30 31
20 1 25
1 1 24
3 1 3
55 1 47
54 41042 2582
4 1 4
78 1 4
9 1 37
46 1 33
53 1 13
42 1 73
91 1 10
26 1 21
96 1 17
9 58 54
44 1 35
85 1 9
50 1 8
0 1 12
93 1 20
3 1 61
86 1 29
49 1 18
45 1 65
57 1 57
7 1 80
45 1 2
83 1 41
33 1 6
15 1 35
29 1 37
11 1 38
42 1 7
21 1 28
14 1 6
59 1 9
44 1 67
38 8 60
78 1 24
26 1 73
85 1 6
16 1 6
26 1 26
78 1 63
83 1 0
31 1 38
27 1 59
70 1 3
81 6 11
14 1 66
80 1 10
82 1 10
1 1 77
33 1 9
38 1 49
71 1 49
6 1 22
15 1 39
5 1 0
1 1 71
23 35125 12644
20 1 30
10 1 24
60 1 25
5 1 34
65 1 5
27 1 18
54 1 75
55 1 5
7 3627 615
20 30572 39840
29 1 57
26 1 78
44 1 13
91 1 54
19 1 19
96 1 24
5 6629 16084
98 1 13
56 1 3
48 1 21
46 1 4
11 1 41
39 1 5
97 1 0
7 1 87
78 1 14
84 1 45
24 1 9
37 1 6
71 1 59
6 1 14
56 1 7
3 1 21
43 1 80
3 1 22
32 1 19
14 1 9
42 1 50
11 1 78
27 1 26
71 1 20
15 1 2
7 1 51
52 1 86
5 1 62
96 1 34
25 1 55
18 1 57
53 1 63
17 2452 188
58 1 1
19 1 6
13 1 2
48 1 27
33 1 38
71 1 29
32 1 74
84 1 61
11 1 26
39 1 64
35 1 5
41 1 46
74 1 5
82 1 25
50 34 75
25 1 47
41 1 53
65 1 38
41 1 23
9 10286 24967
59 130114 83030
29 5667 1679
8 1 74
83 1 85
24 1 47
27 1 68
85 1 39
55 1 35
78 1 23
32 1 35
29 1 50
61 265 890
66 2838 14872
9 1 17
46 1 37
52 1 33
92 1 1
93 1 2
55 1 30
46 1 81
74 1 1
53 1 44
6 1 7
42 1 22
1 1 11
96 1 4
10 1 61
71 1 1
24 1269 167
23 1 51
84 1 33
77 1 34
85 18 76
33 1 49
29 1 0
3 1 40
7 1 63
24 1 32
48 1 1
83 1 45
26 1 87
53 1 46
7 1 30
14 1 39
97 1 8
31 1 32
7 1 15
25 1 61
56 1 11
37 129175 2290
24 1 2
74 1 10
39 1 1
51 1 0
83 1 62
84 1 20
90 1 38
44 1 52
26 1 77
90 1 2
96 1 19
63 1 9
77 1 16
77 1 77
52 1 52
83 1 14
91 1 40
41 1 41
18 1 11
6 1 3
97 1 24
77 1 76
24 1 12
32 1 43
29 21 108
86 1 45
96 1 52
21 1 37
83 1 83
84 1 26
77 198 612
10 1 67
42 1 68
7 3 89
52 1 47
56 3 12
31 1 17
60 1 32
77 1 38
77 1 60
32 1 22
32 1 12
8 1 55
2 445 467
77 1 68
40 1 9
53 1 24
9 1 38
75 304467 113205
46 1 75
49 70674 81098
78 1 69
69 2 12
79 1 6
78 1 19
66 1 11
26 1 60
12 1 0
93 1 1
52 1 77
69 174 776
26 1 36
4 1 62
71 1 22
31 1 27
75 1 7
91 1 38
29 1 28
31 1 34
90 1 44
86 1 74
54 1 72
57 1 19
27 1 15
57 1 23
28 1 30
71 1 53
96 12 57
96 1 44
17 1 0
59 1 24
14 1 50
15 1 29
14 1 31
47 1 7
3 1 13
64 1 6
8 1 75
37 1 25
1 1 51
7 1 38
79 1 21
96 1 5
77 1 2
11 1 40
71 1 35
16 1 10
3 1 43
10 1 80
54 1 0
19 1 13
85 1 29
60 2654 9721
43 1 6
59 1 6
57 1 16
71 1 52
88 1 4
23 1 23
83 1 61
35 8 31
15 1 7
38 187959 464985
25 1 60
48 1 56
19 1 3
8 1 76
25 1 72
20 1 44
23 1 58
31 1 20
43 1 7
51 1 13
46 1 12
48 1 53
85 1 47
25 3 79
33 1 45
27 1 4
52 1 58
4 1 40
38 1 54
44 1 62
53 1 69
48 1 85
1 1 68
46 1 58
46 1 76
55 1 24
39 1 25
20 1 21
51 1 50
1 1 35
25 1 23
93 1 17
12 1 2
45 1 55
75 1 21
34 1 19
78 1 35
46 1 55
84 1 3
32 1 52
78 1 27
45 1 32
90 1 58
91 1 9
90 1 57
8 1 31
50 1 23
8 1 27
7 1 56
45 1 14
87 1 11
58 1 11
18 1 52
42 1 61
39 1 4
67 295625 193293
9 2 40
46 1 67
8 1 52
64 443977 17523
52 57215 42450
8 1 3
39 1 18
39 1 59
34 1 21
42 1 4
1 1 63
25 1 44
78 1 62
65 1 24
10 1 35
3 1 56
20 1 42
34 1 17
77 1 5
63 1 20
83 1 52
87 1 13
65 31620 31820
21 1 24
81 3 0
8 1 13
48 451430 3461
7 1 82
41 1 40
10 1 8
20 1 56
48 1 60
48 1 17
95 1 8
1 80183 279872
85 594 850
24 1 41
51 1 25
65 1 44
25 1 20
11 1 32
31 1 35
7 1 78
86 1 88
64 1 31
57 1 39
71 1 14
51 2 134
26 1 55
39 1 10
35 1 25
27 1 84
32 1 76
8 1 39
6 1 6
54 1 47
17 1 16
84 1 36
18 1 27
83 1 4
56 1733 934
43 155 1710
84 1 49
42 1 56
23 1 21
14 1 11
55 1 45
11 1 18
58 1 9
24 1 19
10 1 36
51 1 34
53 1 70
5 1 36
28 1 11
7 1 70
63 1 16
51 1 53
54 1 71
85 1 25
91 1 25
44 1 6
29 1 51
7 1 77
11 1 21
26 1 62
20 1 47
64 264 731
43 1 16
14 1 10
61 1 9
43 1 2
3 1 57
38 1 21
87 1 6
4 1 27
79 1 14
45 1 42
44 1 7
4 1 53
50 1 50
11 1 13
55 1 42
14 1 59
