39 259 1000000
0 5 4
19 1816 36433
0 13405 40343
26 2469 541714
23 14792 2711
32 15 8
1 1354 3702
32 1 2
2 24421 424406
35 7989 343962
12 2582 11144
21 22510 55724
14 17255 153134
5 1 1
5 1999 1808
27 21797 239447
35 4067 25139
19 2465 546
26 30028 1167
26 8766 889486
2 2463 189490
20 2 5
12 27103 32187
14 649 460
4 1 1
1 2 6
1 1 0
7 12473 27200
5 1 2
29 10364 11019
22 8 75
8 3 10
22 31669 293990
23 29053 225575
32 20956 23215
23 1 3
34 1944 262484
9 1 0
0 1 2
37 601 372
14 1773 10549
0 1556 65
38 2494 1218
26 1 4
20 7816 6382
13 18857 40519
2 26673 771386
4 1 0
29 4574 21668
32 1 3
35 13401 502009
17 11994 101843
6 15537 4920
28 229 5307
8 957 1080
6 21828 47561
17 28555 187623
9 27924 225533
26 1 3
2 17382 252303
6 1 3
20 52 79
9 874 214
27 177 160
32 3555 2515
9 1 3
23 1 2
36 32716 965395
32 18360 396196
28 3453 369420
28 1 0
0 659 2000
34 254 28019
17 22936 52974
36 3204 157286
26 1 6
25 29858 833698
30 844 204515
12 1323 407071
13 12434 454643
4 1 2
28 1 4
3 18275 2060
9 1 2
29 22 5
12 280 1833
10 139 32
37 849 1901
1 1 2
13 25389 643042
20 11361 173045
36 23249 385071
1 23722 31073
20 24 32
19 29551 62007
3 3 0
16 66 347
26 1 0
20 1 0
0 11307 588033
9 2929 1634
24 24851 91703
5 5 6
5 32458 166596
30 22188 567583
13 29358 64310
28 1 1
22 4949 332
23 1 0
4 1 5
28 1 2
3 25067 30332
26 1 2
16 5661 10050
1 320 57
4 1 6
22 313 25530
12 1021 190
38 5687 18428
3 7308 68910
8 830 160
26 24371 604924
1 1 1
10 17 0
0 1 3
19 7650 518773
29 1 1
16 19137 894298
3 743 29
32 1 4
37 53 77
3 2071 227791
5 1 0
32 1 7
32 1 1
34 8842 2961
28 35 204
4 1 3
27 12521 487372
27 21346 189638
18 24688 398369
20 2 2
22 9527 7973
37 2 60
0 3 13
20 1475 136
29 11438 290103
13 424 206
14 1487 1156
32 1 0
13 3059 848
21 17853 1200
8 34 40
12 7292 377567
37 7806 4732
20 12398 315000
28 1655 1274
31 16143 252506
2 6321 209697
1 13625 7645
30 806 940488
28 30778 37299
10 7283 57842
16 12838 159782
3 23959 255126
29 263 588
10 26578 65436
4 240 45
8 21952 2226
28 1 5
29 12 31
4 3 10
18 26913 707165
12 49 1525
37 885 2788
1 6954 369646
37 1 0
37 1 1
9 1 7
0 1 0
9 145 38
35 12926 55418
24 174 156078
3 29641 956437
17 4974 375542
11 33223 916385
6 110 9
36 26789 561007
32 1 5
22 32440 58526
38 5479 7150
31 871 60722
3 10704 447888
23 1 1
10 2165 188141
19 12667 3807
29 21635 62599
26 29 13
1 1 3
26 10334 44499
12 2408 457955
20 7 8
32 3 33
0 3136 2661
9 14674 310672
1 10 17
38 27969 765268
20 1 1
16 24 63
30 12526 270302
27 17810 153460
1 85 593
24 5329 62
32 1 6
2 21467 66871
4 1 7
28 1 3
27 4291 5308
5 1 3
28 16391 8767
27 18010 111428
9 25233 55706
8 5 2
26 1 5
15 15039 15008
21 12061 33389
1 3 8
6 1 2
29 893 1683
9 1 1
24 20969 278605
32 27128 106484
31 12278 149380
0 1 1
2 19862 950663
6 1958 916
27 4059 15593
16 6 257
37 2672 204592
29 2 2
34 21182 48074
26 1 1
4 1 4
26 1278 39955
5 14915 28272
34 306 2545
29 1 0
1 1 4
28 13 6
36 30552 72419
10 22585 954
23 25 15
12 13 13
2 5524 44092
22 82 108
6 1 0
23 1 5
13 9853 507751
5 11 14
