37 127 1000000
0 15219 397127
0 24256 3615
17 18762 274348
7 15826 468161
4 16439 144629
9 31 130
35 313 257
20 13370 265489
35 47 38
9 27468 168889
34 2470 4541
19 1203 103403
13 8932 255265
11 23723 14655
30 2545 89279
35 8513 120564
25 3671 192556
6 66 51
36 9860 233197
35 29541 543994
12 1314 4277
6 28592 74716
11 17189 385648
33 7050 15312
16 993 2122
25 17525 7665
7 5481 1167
33 13181 26748
19 3520 2840
30 23539 419188
19 1 8
5 7993 10544
12 16805 7012
28 12013 616882
12 18561 60182
4 20734 689544
6 1115 163
11 6432 41999
0 31904 53026
0 9100 874810
29 131 1096
12 32987 258609
5 31312 738226
21 2364 532636
15 24425 694894
4 20096 43522
3 20632 33542
5 21381 137125
14 787 10749
21 31779 805498
0 6510 301891
11 133 10893
33 18167 185042
2 22737 839082
6 22247 121094
18 16173 149353
11 173 71
2 25206 5406
21 15150 134426
14 171 103
23 25016 72057
7 489 117
25 853 4180
29 3576 28703
18 3933 142315
3 28503 289833
21 2714 657328
0 2132 208695
18 2292 34613
3 23366 166227
15 1551 230397
13 5 0
24 19635 106428
21 17056 626120
8 1874 831788
4 10126 349338
19 47 48
25 30787 35190
11 32 23
5 20236 54978
33 4282 8027
18 21993 240356
6 976 3516
30 337 159
12 21735 672015
18 10442 923884
9 91 10
25 1950 91
0 813 588
18 3499 365629
9 61 517
7 17787 13830
23 3905 832663
16 26133 23924
13 297 6
5 17291 30418
21 30608 292896
7 3 0
35 14547 5179
4 25149 71303
9 25058 3572
34 393 61
23 7028 325979
13 17958 25437
36 2042 389541
21 1271 6607
16 351 10761
20 10138 957805
29 18686 4233
33 19324 68145
13 8914 59139
14 856 1290
12 1077 311
6 3620 13879
23 15034 195069
30 9109 1478
35 2132 874
2 22 79
23 3618 146211
3 17346 562651
30 20441 724200
2 21 23
6 675 1611
7 67 3
31 4066 565403
11 2405 1669
9 26295 42863
