45 103 1000000
0 547 20341
27 25 1
12 8359 653786
1 27534 181367
12 19094 42330
3 28368 328639
44 10 6
1 30274 105115
4 279 2755
34 2614 205582
32 30468 202196
40 16304 840769
8 558 67
7 9526 15354
23 2821 666151
26 28805 6662
4 20094 404341
44 1744 46
27 749 156
38 14438 82123
28 3319 4814
31 26706 673144
16 27393 144025
19 6029 97242
24 2942 708783
6 27253 519846
35 18242 293434
21 31205 357945
4 22023 67418
18 6872 117005
36 25005 160174
5 23722 92876
21 11488 41543
32 5277 59942
26 3958 130113
32 1135 688
25 6796 74232
41 25923 40383
35 32863 954687
32 32642 345814
0 801 857
8 5640 74735
7 12424 70103
25 442 879
0 9178 322074
38 23288 320404
1 10233 367406
25 2643 7593
40 4186 16918
9 18174 653882
8 1562 20721
8 250 1323
25 14 716
36 1662 8758
15 4200 43345
7 1324 598173
32 15456 2948
25 2401 3231
20 27911 548995
9 30291 72768
15 1296 770825
27 22275 1912
13 12960 483734
34 1201 328454
2 15266 173054
22 16895 223603
36 31815 607857
28 13316 28115
3 7592 309602
16 27944 715499
11 28447 588306
13 11292 582389
31 4827 489916
19 28124 489702
17 11650 953419
1 10798 24798
8 3692 969878
27 19094 44728
11 32920 191934
21 4498 243298
44 32648 553503
12 15706 279881
30 28722 191844
33 8273 745071
40 10529 42731
22 28340 90928
4 15462 3741
3 12414 540575
35 32282 818442
36 9065 315209
2 25579 69523
22 31126 3453
27 14 109
40 29319 645360
11 6872 47460
19 31351 320715
22 27509 170566
15 22590 420302
10 3933 217785
21 45 836745
11 701 76660
44 20060 6288
36 7414 85004
