100 1497 1000000
0 48 129103
60 54 418555
79 95 114948
52 33 48
17 32 371
60 1 3
64 73 15064
99 1 12
98 84 6253
10 32 48968
43 1 8
65 2 17
12 69 22016
24 49 174463
21 52 463
74 20 284
71 1 0
47 41 398
80 84 628196
64 1 2
44 67 223467
6 1 8
64 56 7651
99 36 10444
16 25 1683
34 1 0
50 1 7
27 73 61
24 63 717736
74 1 6
2 56 274045
23 97 857
93 2 5016
54 2 550698
46 1 1
22 1 5
54 1 1
16 1 14
74 1 2
14 1 1
57 7 387857
62 1 13
69 3 48
96 1 2
2 43 10765
29 82 348
15 2 14
29 68 96
47 57 987
16 33 415677
1 1 4
67 46 3851
47 75 16115
11 48 17
67 84 55335
6 6 822294
77 1 14
41 58 1660
93 1 3
14 3 15
25 98 1165
73 45 168
23 1 10
14 1 2
26 61 352029
46 1 11
80 8 48182
99 1 8
36 1 10
67 1 0
25 1 6
93 1 2
47 85 108821
56 1 4
72 79 347214
93 55 89004
37 1 0
50 1 15
47 1 2
74 1 3
61 42 158035
99 1 18
70 43 138653
58 68 341796
64 49 10429
93 1 0
70 47 11679
60 1 5
69 1 1
51 61 13
74 1 5
85 97 262411
15 1 2
1 71 231
58 26 249
4 95 859012
76 57 261
44 70 20774
31 88 2362
56 1 7
22 2 14
45 1 0
99 1 1
65 1 4
70 89 716133
8 1 4
16 1 9
67 2 2
25 33 29
94 62 32949
30 53 431950
12 35 88071
77 1 1
54 91 468752
98 66 12678
82 47 6080
2 60 2606
37 10 143
68 51 60375
96 32 369
98 21 56
9 1 0
25 93 8855
8 1 1
18 28 10
56 1 9
30 1 5
49 1 8
63 1 8
50 1 11
23 70 5390
21 90 3557
98 52 39920
21 1 10
42 75 3316
77 1 16
92 67 410237
73 40 289
1 95 62371
50 6 10566
98 17 10
55 62 625502
9 1 2
13 67 823672
47 81 9005
10 48 52817
34 67 970871
56 36 817
92 49 2204
49 31 177656
71 94 282
50 1 5
2 27 7858
60 1 0
59 49 295293
43 46 20
25 1 9
62 1 14
44 11 16
64 97 9289
44 1 4
19 18 3627
88 1 0
1 1 1
69 1 7
25 1 5
65 36 904405
8 1 7
91 1 8
26 5 861
73 40 56509
37 1 2
97 30 542
23 1 1
72 1 14
26 47 2854
51 1 0
16 1 15
12 31 21245
99 1 9
88 1 2
80 22 174
94 34 6656
47 2 8
27 83 371482
15 1 3
30 67 1283
25 1 2
51 1 8
69 1 6
51 5 385
82 39 5022
36 1 3
70 19 22951
21 9 17
2 3 17
43 1 6
38 68 594594
26 13 634056
18 71 109
80 82 169877
72 1 5
47 1 4
32 54 16065
6 1 3
8 1 14
77 25 291275
65 4 2940
21 1 3
93 1 10
65 5 1931
34 1 2
54 1 0
99 5 23
91 43 39468
52 1 0
48 37 53881
37 1 7
98 42 4831
60 91 21498
49 11 1350
27 18 2
10 59 1689
56 84 902021
64 90 128582
48 1 1
50 7 47
64 1 12
84 49 22253
15 6 49578
65 1 10
9 41 248596
43 47 131
51 45 5028
18 29 93174
17 25 296433
37 41 12
36 18 143098
55 63 888178
9 1 13
54 67 13957
97 10 20
73 1 4
70 36 477
39 1 7
70 1 3
9 36 1900
5 34 29760
22 1 1
41 18 606302
16 1 11
9 1 14
18 76 1479
43 1 11
60 1 6
46 1 0
74 36 32
16 23 95589
58 1 0
69 1 11
6 10 10
69 1 4
74 48 105
29 17 22
49 35 12
34 1 1
69 1 9
50 1 16
60 1 2
2 2 6
1 3 5
1 60 3903
96 1 8
68 1 9
25 63 2801
72 1 13
54 1 16
27 15 3793
84 24 19403
54 100 634368
51 12 140
93 22 3185
62 1 4
14 1 9
23 1 6
61 82 17158
63 1 5
66 48 4621
93 78 22523
23 1 11
39 25 41319
48 91 74
2 83 651262
16 55 409
99 48 107735
68 30 345
37 26 168767
14 2 10
43 1 4
47 82 3012
2 37 166640
99 1 5
54 1 2
48 43 109283
99 1 11
9 1 1
68 75 92582
99 1 19
33 87 147781
96 90 1115
63 1 6
46 19 62893
22 14 379
82 14 21
10 1 2
38 69 296590
96 2 16
63 67 7559
36 2 15
53 4 538761
77 35 22
5 77 174796
70 82 138122
19 8 159105
99 1 14
54 1 13
47 56 42033
12 52 7951
97 55 45
72 1 8
30 95 449472
65 1 5
8 48 12772
15 1 11
72 20 67739
10 1 6
9 1 10
50 1 2
77 1 15
62 1 11
38 10 17097
49 1 11
25 71 2443
22 57 451588
72 1 1
47 50 63734
30 1 14
44 13 75
98 3 3
51 1 3
91 9 12
84 17 107499
77 1 8
5 82 10233
69 77 271789
69 13 877009
26 67 20366
91 1 2
2 65 69499
49 79 102
68 1 6
36 1 6
39 54 18
11 38 143673
65 2 19
39 1 8
43 1 5
36 74 69907
6 77 510838
96 19 5289
23 2 17
92 35 271294
97 42 39644
73 41 189418
9 69 964876
58 1 10
14 14 25774
99 1 2
43 1 0
44 8 5857
8 1 8
99 1 10
74 1 7
8 1 6
68 1 2
98 21 123368
96 1 1
51 90 12594
9 1 6
6 1 2
99 1 7
94 55 60445
73 23 274001
98 71 5532
37 16 20067
69 81 4215
82 1 0
60 39 98258
12 83 98758
72 41 2686
34 3 5
37 27 873982
30 19 16012
64 1 13
15 1 6
49 1 0
97 74 93551
64 34 146
83 89 46445
23 1 12
64 1 5
28 88 738586
58 1 5
9 75 697
16 1 3
68 1 3
15 1 12
37 68 71801
48 66 1632
16 8 17
9 1 7
17 65 189927
56 1 3
63 83 22587
62 1 3
21 62 40935
68 11 26
39 1 3
46 1 5
93 1 9
77 1 13
32 97 475521
30 91 441
3 50 2042
65 16 31
28 65 54345
46 11 16
21 76 6188
51 16 81877
68 1 7
10 38 67
72 1 15
45 13 1229
56 1 18
74 6 11
12 61 45951
96 67 69690
76 1 1583
65 1 15
21 93 16408
25 1 11
9 15 2172
5 5 347127
33 82 16053
8 1 11
94 95 127170
21 13 11584
16 2 9972
46 1 12
48 33 24043
50 12 206
47 28 17
2 1 5
30 1 12
3 78 5130
10 1 4
3 53 943
52 1 4
69 2 15
8 45 5003
72 51 59267
93 1 6
77 1 2
52 14 7
52 68 10291
9 20 69
51 96 1898
44 1 1
10 25 98055
88 1 3
54 1 4
62 44 15907
62 56 839
91 24 23377
92 17 436
53 83 973213
88 1 5
37 10 222715
31 7 98761
65 1 16
65 1 2
84 76 1424
71 1 1
35 2 7
38 65 37
9 73 102722
25 1 7
4 50 276496
73 1 12
31 88 9101
21 1 4
7 36 5086
50 64 2145
36 84 702
54 84 53
84 30 37117
14 1 0
17 19 2146
28 79 192870
60 50 831
40 59 1270
96 1 3
60 60 7612
14 28 1953
30 15 2525
82 1 3
50 85 64
79 95 98033
20 46 87036
29 12 3
70 3 5
97 1 5
51 1 5
35 9 140314
67 68 56081
81 56 194345
92 75 2379
54 1 3
49 1 5
44 24 34
81 1 0
71 1 17
47 76 24001
56 24 651324
51 32 5125
9 61 428
93 13 40
8 1 2
60 84 369
21 90 2326
60 57 1201
62 1 12
22 83 52
97 1 1
49 1 3
4 27 4300
17 6 882965
30 1 2
82 100 2106
69 1 18
7 92 31590
46 1 7
21 41 68095
56 88 2953
70 1 4
50 52 7944
65 1 12
64 12 16
61 70 5364
77 1 19
16 1 13
61 94 43928
25 75 895
43 1 1
20 39 42473
35 12 192
84 89 217105
50 58 697
35 89 645
9 1 17
88 1 4
84 77 65
31 72 40125
62 1 8
16 1 16
25 1 8
69 1 12
49 1 1
64 1 14
36 11 81
66 2 1
29 3 45
69 1 10
73 1 2
68 7 17
74 1 4
60 35 249
50 1 12
17 8 412
40 88 458
77 1 5
74 70 1383
99 1 0
14 45 876090
48 19 15
96 1 15
72 1 11
93 2 15
82 5 8
8 1 0
15 1 0
84 9 911
33 86 1481
97 24 232
16 1 10
10 87 260
49 95 295
50 2 17
1 8 11
15 1 8
19 9 440774
94 51 42950
68 5 659047
47 67 964309
64 22 285924
96 1 6
52 39 104836
45 66 3241
98 1 0
74 1 10
32 40 33162
80 47 2131
61 15 9185
51 1 9
73 1 1
63 81 4980
59 65 329084
37 1 10
16 1 1
21 1 2
96 1 12
93 55 806438
31 27 23022
9 1 3
16 89 153499
90 9 274389
41 9 28492
46 39 112754
30 33 152
77 1 11
64 97 1434
67 99 2650
68 1 8
15 1 9
77 1 6
67 5 82
45 59 457504
58 100 77861
37 1 9
8 1 13
65 1 7
69 1 20
99 73 94
72 1 3
15 46 846817
67 89 437017
97 3 17
63 1 1
91 1 1
37 1 8
74 76 6551
68 33 7655
16 37 449924
57 4 504576
65 1 9
58 1 6
66 10 6
9 1 18
14 98 7710
62 1 1
59 75 7810
52 1 1
93 73 22628
71 31 46011
94 84 13925
47 2 5
6 1 5
2 42 280252
42 18 129170
54 1 8
9 5 27
56 1 8
82 46 1445
98 80 4658
23 1 4
36 16 1637
62 1 2
51 1 6
7 3 7
21 1 0
63 1 3
2 7 77
2 1 0
37 34 653690
25 99 42151
38 84 13233
27 5 3672
84 92 56259
72 1 6
36 1 1
54 2 19
4 28 155750
99 89 59515
11 8 1482
90 69 283348
96 4 20
23 1 3
58 1 8
11 42 296
73 31 2249
38 56 6607
46 1 13
47 1 3
82 1 2
42 91 11381
40 69 7240
27 69 31422
63 1 9
43 1 3
0 39 757451
49 1 7
71 64 166390
3 16 15985
62 1 0
43 1 9
1 26 54
68 22 33650
18 79 507
70 1 2
66 28 170724
73 84 451421
54 1 11
22 2 8
23 1 13
6 1 4
56 95 784705
73 39 6997
73 21 3184
27 7 20538
54 70 41496
8 1 10
50 1 3
77 1 10
12 56 1867
14 1 4
61 72 534
96 1 14
10 45 582
44 1 0
34 6 443935
65 60 1479
64 1 3
73 1 8
2 2 9
56 1 1
91 1 4
53 20 797117
46 1 10
93 40 1342
29 2 1
39 1 9
23 1 5
37 55 2231
62 1 16
58 1 2
49 1 4
40 72 6384
49 1 10
21 44 5609
47 1 0
7 92 106
49 1 9
77 98 1169
11 94 590
25 16 2240
36 73 2653
92 42 709111
67 55 804168
72 14 37301
21 16 14191
37 1 5
54 1 7
37 17 212
36 1 7
62 1 6
98 81 3381
50 1 1
37 73 5322
9 1 8
5 20 4287
96 1 0
51 99 51015
7 80 2075
70 66 2959
6 1 1
11 29 71
62 1 15
79 82 138622
65 10 168630
35 14 306
8 57 352
88 1 1
36 1 4
71 92 632954
23 1 0
64 1 7
7 2 13
49 20 121600
25 26 16710
69 61 153941
2 88 228
37 1 6
34 80 21429
91 30 26183
22 1 3
58 61 1065
7 62 337
77 1 9
45 29 11194
31 31 33630
81 7 1
9 94 3643
18 31 5245
77 1 20
70 91 567
64 1 10
15 37 874459
71 20 65495
63 29 977
92 78 1961
38 1 377297
47 55 516256
68 26 584
63 26 85104
15 69 318
65 69 779
37 1 3
6 1 0
88 87 12331
96 9 187226
5 83 801
9 1 12
62 1 19
66 1 3
81 10 245881
21 1 1
1 68 1813
6 35 330
12 27 755
72 1 4
71 7 29
99 97 24867
72 8 82567
30 1 3
96 1 5
23 1 19
66 46 641
0 83 496775
34 14 18813
97 1 6
12 93 3
58 1 11
4 85 358884
46 56 95171
82 1 7
37 83 1211
30 1 0
21 1 6
93 10 30
9 1 9
35 1 2
69 1 0
48 97 370
31 15 6565
38 36 228
23 81 177
62 1 10
14 1 6
50 1 6
45 9 2
10 3 8
99 52 1242
46 1 4
25 60 90
82 1 6
54 1 23
23 1 2
80 13 509633
14 1 7
77 1 4
30 1 9
21 1 8
14 28 512236
14 38 800987
60 1 7
84 2 97395
25 1 0
35 1 0
82 1 1
68 44 49677
99 1 16
93 100 170133
65 8 23958
73 1 9
7 30 967
15 8 37
34 28 24
36 1 11
25 54 3053
44 84 226
4 64 11171
58 5 542730
23 1 16
62 88 913461
54 32 23785
73 1 0
96 1 7
67 28 820
62 1 32
29 1 0
62 2 17
63 1 4
23 98 46407
88 1 6
76 58 872
48 65 454062
14 36 157
37 56 482
92 98 717162
2 88 71911
58 1 9
39 1 0
54 1 15
70 1 0
71 29 3664
34 16 185
46 1 15
93 1 8
16 1 8
45 46 744
27 100 2451
30 1 8
67 58 382434
85 65 334810
7 1 1
63 1 2
6 10 32
50 1 13
69 1 2
30 1 6
56 84 1065
99 1 3
64 1 1
48 91 192
54 1 6
46 1 2
96 1 13
8 83 904818
35 1 1
7 1 2
0 99 520205
79 11 10626
17 8 550
46 1 8
10 1 7
82 50 55092
51 1 2
15 1 4
34 1 4
14 1 3
46 1 6
62 1 21
6 22 1955
63 14 169220
17 65 288792
13 53 162959
99 1 4
23 88 99129
6 4 64
1 19 444197
1 75 3795
18 1 1
23 1 15
88 42 412
69 1 13
68 90 4736
37 1 4
64 1 6
72 1 7
88 21 108
91 1 7
3 64 102378
23 100 35879
60 66 497563
44 5 9
96 25 308
68 1 0
61 24 893700
58 34 16
58 84 66
14 2 4253
51 1 4
73 1 10
22 41 811
10 25 181
65 1 8
39 1 1
56 100 75412
63 1 7
68 1 1
18 1 0
62 1 9
56 1 12
96 37 243326
49 1 2
23 100 16307
21 1 9
48 1 0
6 53 40291
31 2 429814
32 42 246042
6 1 9
99 1 15
56 1 2
50 1 9
97 2 7
43 1 7
60 63 5877
84 92 451236
1 80 301996
34 49 612
19 19 23539
99 45 30
38 33 95822
41 20 59524
96 8 30
22 1 6
7 1 5
7 82 338332
51 1 10
15 1 10
12 74 24589
33 30 767941
93 1 14
14 49 160844
72 1 9
7 61 28974
27 12 26
50 1 14
96 75 490
14 15 20
66 1 0
7 7 1464
97 1 4
97 83 433
23 1 9
94 32 10395
82 1 4
77 13 624
99 1 13
43 1 2
98 1 1
99 1 17
15 1 1
54 55 286
74 1 0
93 92 7964
18 1 2
91 1 5
81 67 456
36 98 654394
48 1 3
39 1 5
77 2 17
50 2 204
1 14 3074
3 16 3629
36 1 13
18 4 4
91 12 1046
25 80 98818
22 59 55459
69 64 8534
17 37 6
51 7 13951
73 1 7
43 69 7095
35 60 24
15 96 3000
24 95 155956
54 1 10
63 1 0
16 1 0
16 1 12
92 84 543060
56 1 6
60 56 1303
23 33 287
39 94 436
2 1 2
82 17 137
65 1 13
72 1 0
60 1 4
47 2 94924
84 49 243644
14 64 292
22 1 7
77 1 0
93 1 7
22 1 2
68 2 11
71 4 2
65 1 11
91 1 6
65 1 3
67 63 1913
72 62 1042
3 16 2957
69 1 5
46 35 484395
16 71 149768
54 1 14
60 1 1
36 5 30
16 86 60661
74 12 2296
96 1 11
46 1 14
96 1 9
93 1 5
77 65 25036
66 24 13930
64 30 401
16 99 128355
44 1 2
74 49 74421
9 1 5
10 7 14
52 1 3
9 1 16
69 1 14
73 76 56
16 1 6
62 1 20
82 1 5
60 5 23
99 1 6
5 68 732
56 1 10
81 49 161
59 45 6738
39 52 56284
45 3 18
29 14 2460
15 51 587
74 57 24795
51 1 7
47 90 112
35 81 10548
36 89 477
97 74 129
81 5 201126
59 32 103959
65 1 1
54 1 5
50 95 403854
10 1 1
65 1 14
30 20 3664
93 1 1
29 99 175041
30 1 13
23 1 7
32 20 740078
59 12 487846
65 1 6
77 79 17426
31 75 1437
50 72 67921
21 43 215
60 98 8890
6 92 80565
9 1 4
81 4 15
31 42 2100
93 8 18
23 1 8
64 11 28
98 49 195
59 68 37133
51 95 612
88 1 7
49 20 444
38 82 9033
3 43 16936
27 90 600180
39 91 18399
60 12 95
97 1 3
34 1 3
39 1 4
76 75 123813
1 16 53272
47 14 707
18 19 8555
64 70 43719
23 49 912189
45 49 37
62 6 1538
48 73 10893
56 35 37
36 1 0
30 97 2104
14 1 8
93 1 4
28 59 608729
16 1 5
96 32 6592
77 1 7
22 57 143
17 41 199319
49 50 52
35 6 16455
72 1 10
25 1 4
58 2 12
63 74 94680
54 26 49627
72 36 42
42 50 1028
99 26 721057
73 2 23
7 1 0
2 86 110
18 25 57
12 94 213
91 78 32
96 78 1601
8 18 9104
4 19 10179
93 61 116
30 1 10
81 32 351519
50 1 0
48 1 5
73 1 3
39 7 11
62 1 5
72 1 12
68 1 4
91 1 0
8 1 5
60 6 7556
69 20 24
66 7 5678
66 9 15692
14 1 5
84 3 0
63 69 2156
85 42 278098
14 34 86
90 11 2039
22 1 0
51 53 423055
9 1 15
6 1 7
45 48 383
2 54 1858
74 1 1
30 29 19
36 72 39544
96 1 10
23 1 14
42 46 1378
23 97 2124
22 1 4
2 1 1
50 12 28
82 5 14
2 1 4
70 1 1
30 1 7
5 48 161539
50 1 8
74 16 25127
21 1 7
24 67 392389
8 1 9
70 58 3928
93 47 1703
56 79 922819
15 6 104979
18 1 3
10 1 0
27 89 392
8 1 12
50 1 10
9 1 11
98 1 2
40 98 227
21 1 12
58 67 4445
35 12 1688
36 1 12
39 45 198
29 37 4429
99 1 20
38 34 28721
1 1 0
71 51 5608
36 1 17
88 40 771608
91 37 43517
68 1 5
97 84 644
8 48 88435
64 23 9020
77 50 1974
82 78 61512
8 1 3
69 49 238881
69 1 8
51 1 1
16 1 2
73 1 5
10 64 81403
70 2 19
46 79 232648
35 2 3
25 43 3463
48 50 1235
36 1 8
62 1 7
82 97 38
12 1 0
79 52 48938
25 1 3
9 6 19
15 1 7
43 94 844
93 54 56
27 11 831551
36 4 18
15 1 13
5 8 42438
14 97 9027
15 74 71889
73 22 581
36 1 2
37 57 86400
46 1 9
17 98 63
11 48 436
16 1 4
6 1 6
65 3 22
50 17 420
56 30 1928
58 1 1
46 19 24582
64 1 9
68 50 755322
69 56 35459
10 1 3
54 1 9
6 1 11107
64 1 4
25 83 22332
35 5 9
91 3 9
50 1 4
52 1 2
26 41 37645
64 1 11
34 99 707
30 1 4
54 1 18
39 1 2
47 1 1
25 1 10
88 1 8
21 76 15293
73 1 6
46 50 429
96 64 6149
60 65 3799
79 52 213645
64 1 8
54 4 26
1 73 710
35 23 126
30 1 1
79 88 70843
49 1 6
49 42 4478
69 1 3
10 1 5
20 32 165084
86 82 717381
60 11 19712
49 88 255136
72 12 19
84 86 597529
2 1 3
21 5 377
83 72 38697
64 31 64
36 55 2997
37 1 11
65 62 5022
43 79 432690
71 65 41079
30 1 16
8 3 15
29 70 992224
56 1 0
31 19 213274
30 18 4519
98 77 59707
15 1 5
94 41 5507
65 1 0
91 1 3
77 1 3
46 12 38
29 88 10498
3 91 521236
58 1 7
36 1 9
40 13 2749
54 1 12
88 2 10
84 10 3
91 38 296006
32 21 58312
21 1 5
7 1 3
59 40 2691
18 28 172071
16 1 7
45 10 103
42 55 62219
58 1 3
77 78 393994
56 74 208658
12 33 123
88 43 28765
2 20 20
8 85 16274
73 55 3390
19 27 799
71 34 57626
44 1 3
91 71 10522
64 1 0
10 43 2086
68 25 127
74 14 20960
83 81 254631
40 89 5446
44 3 5
36 1 5
30 1 15
37 1 1
19 29 467
97 92 27394
56 1 5
97 1 2
3 100 109570
20 46 916225
39 1 6
30 1 11
73 31 5736
76 68 350897
67 67 5860
70 19 55638
64 47 304
76 55 260188
22 41 8164
51 1 12
46 1 3
72 1 2
14 7 1418
77 1 12
42 27 425803
96 1 4
70 4 8
97 3 9
58 1 4
29 68 3266
67 89 136079
25 1 1
93 2 11
12 5 26256
97 1 0
32 92 52168
