100 4924 1000000
0 292 279357
17 1 7
52 1 58
43 1 12
66 30 26154
49 1 41
99 1 24
19 267 5884
78 1 33
67 1 25
28 1 23
37 1 47
17 1 55
23 151 33626
43 1 8
5 1 26
23 1 7
0 1 7
84 1 70
92 1 23
17 1 10
80 1 54
17 1 37
39 1 15
93 1 27
71 1 50
46 1 4
61 1 9
11 1 40
13 1 36
72 370 1287
90 1 33
90 4 53
37 1 57
55 1 18
95 1 4
31 1 17
77 184 425439
23 1 61
35 1 14
99 1 23
47 2 16
84 1 46
88 1 47
82 197 293
32 1 36
0 1 12
55 1 0
86 3 68
86 1 22
30 87 2203
84 13 72
26 1 1
59 364 850
26 1 9
33 357 268
0 1 46
61 1 27
28 1 30
11 1 67
38 92 1830
49 1 17
48 462 149465
52 26 4665
70 1 59
9 36 254917
61 1 36
27 1 20
3 1 3
66 453 7868
39 1 25
42 1 5
21 1 40
39 1 87
16 1 15
93 1 45
88 107 180899
88 1 17
32 1 2
53 1 6
53 1 8
25 60 33612
80 1 42
18 1 13
71 1 38
80 1 36
45 1 18
74 91 151
16 1 8
37 1 3
80 1 32
90 1 45
88 1 34
64 1 25
0 1 30
62 1 5
71 1 64
9 1 20
23 1 2
45 1 38
57 424 11648
72 1 60
26 1 6
72 1 39
7 1 23
20 1 29
25 391 9454
39 1 45
11 1 68
58 1 14
48 1 32
48 1 14
31 11 69
57 1 2
2 1 46
92 1 67
87 101 818
99 1 12
81 1 0
84 1 39
2 1 64
29 1 5
5 1 31
18 1 8
55 1 30
28 1 49
70 1 74
42 1 60
27 1 10
38 55 12383
61 1 48
45 12 58
32 1 9
55 1 3
15 1 1
37 1 31
3 1 28
69 3 39
57 494 574
64 1 81
67 1 43
20 1 5
2 1 21
27 1 34
86 1 10
28 1 52
49 1 32
0 1 29
0 1 50
18 188 680
72 1 26
78 1 10
21 1 67
17 1 3
83 1 14
9 1 30
65 3 18
77 1 1
33 168 108371
49 1 22
76 249 416957
13 1 72
68 1 44
70 1 26
78 10 81
15 1 38
21 1 16
50 293 142145
64 1 44
84 1 3
43 280 139713
23 477 805039
78 1 11
84 1 37
87 1 19
18 8 19
6 1 3
77 1 70
36 1 2
57 1 9
38 70 63007
40 1 34
29 9 33
57 1 21
65 1 1
13 1 77
53 397 200078
16 1 10
39 1 5
60 1 11
77 1 45
56 100 21118
62 1 37
87 1 12
90 1 23
95 308 43991
72 387 138868
29 1 25
28 1 14
2 1 66
99 1 27
93 1 47
57 1 27
82 1 3
23 1 21
93 1 21
1 443 3768
6 1 39
70 1 27
69 1 20
20 1 32
14 1 48
74 1 69
31 1 52
64 1 42
99 1 21
11 1 45
77 1 15
20 1 1
67 1 36
0 1 61
1 2 3
70 1 50
55 1 36
15 271 423173
80 1 22
51 1 12
44 1 19
27 1 5
46 1 6
21 1 50
98 1 18
34 229 541174
15 1 26
23 1 57
72 417 44307
67 1 26
74 402 27561
64 1 43
9 1 8
80 1 5
93 291 350
24 1 1
48 1 21
9 1 1
65 1 12
40 1 65
12 1 3
77 1 52
84 1 24
9 1 63
39 1 61
42 156 11171
46 269 18
59 1 5
28 11 135
58 1 10
47 442 76070
95 84 98
77 1 56
2 1 51
80 1 4
58 1 7
9 39 64
88 20 71
11 1 15
39 1 44
33 1 25
77 7 75
99 1 16
5 1 30
33 1 27
2 1 18
86 215 11684
79 187 768988
28 1 29
68 1 65
71 1 44
74 1 26
88 1 32
56 233 233064
34 1 3
40 1 45
87 1 21
62 1 40
23 4 74
93 1 32
12 203 4306
19 197 771076
58 9 27
55 1 48
48 1 0
35 142 26696
17 1 1
77 1 10
42 1 55
11 1 66
7 1 59
71 1 12
17 1 30
0 48 3046
35 1 29
45 1 41
42 1 15
0 1 18
14 1 20
80 1 13
29 2 28
17 9 85
7 1 45
95 1 2
55 1 39
16 1 0
24 1 22
86 312 50979
57 1 46
26 1 0
55 1 55
50 1 9
64 1 34
0 1 54
52 1 18
37 1 36
21 1 17
42 1 36
21 1 6
35 1 47
70 1 49
82 1 12
28 6 66
7 1 48
67 63 7861
68 1 42
45 1 9
77 1 71
61 1 19
5 1 29
55 1 43
96 216 11518
11 1 43
41 21 36
95 1 21
12 380 363993
95 1 24
92 1 48
93 1 13
21 1 34
73 1 4
5 83 828
42 1 47
35 1 51
48 1 5
78 1 7
28 1 47
86 1 47
10 1 10
84 236 32516
35 1 27
92 1 1
69 1 14
70 1 29
95 1 0
67 1 29
64 1 84
64 1 8
13 1 48
12 63 1891
67 1 35
9 215 475113
44 1 23
42 1 22
40 1 46
29 1 11
51 1 4
59 1 36
41 1 10
95 1 27
31 1 20
45 1 0
2 1 15
28 1 34
83 1 3
73 78 26
0 1 75
40 2 759767
74 1 19
37 1 6
13 1 64
38 417 8564
93 1 33
27 5 751656
64 1 7
55 1 16
44 392 3037
79 467 36272
40 1 29
21 1 58
39 1 33
11 1 7
0 1 67
14 1 36
86 1 45
23 1 46
96 315 18973
6 1 23
70 1 41
5 3 40
53 1 0
80 1 15
68 1 79
87 1 17
64 1 1
20 89 2923
26 377 480307
70 1 17
27 1 31
16 1 6
7 1 44
42 1 58
88 1 35
3 1 33
7 1 9
13 1 38
64 1 71
62 93 1815
93 1 12
25 1 16
21 1 42
53 1 9
21 1 60
72 1 6
2 1 0
60 1 5
72 1 70
53 1 3
61 1 23
9 1 22
1 6 9
59 1 14
24 2 24
24 1 11
4 256 575701
62 1 26
35 1 3
52 1 65
92 1 38
92 1 41
14 1 27
9 1 29
0 1 31
0 1 59
0 1 51
21 1 48
14 1 8
26 2 10
13 1 17
27 1 13
20 1 43
41 1 17
21 1 36
90 1 32
69 276 5254
20 1 16
99 1 50
11 1 70
72 1 24
23 288 111344
62 1 24
71 1 35
80 1 8
68 194 31330
62 1 11
80 1 81
39 1 28
44 1 16
62 1 3
84 1 57
62 1 50
28 1 58
31 1 19
71 16 73
40 1 35
59 320 31863
45 1 8
93 1 34
13 1 1
7 1 69
23 1 20
35 1 32
72 1 11
15 1 45
48 1 36
33 1 18
91 1 12
70 1 7
99 1 53
75 1 1
34 1 11
86 1 33
69 1 5
80 1 41
94 346 686
15 1 33
68 1 32
61 1 25
9 1 59
80 1 57
40 1 1
93 1 2
68 1 40
32 1 26
84 1 16
46 77 111315
6 1 35
53 1 23
40 1 2
62 1 29
72 1 53
42 1 33
64 12 121
3 1 35
28 1 21
74 1 40
98 1 4
8 151 106
67 1 24
71 456 148045
7 1 24
40 1 39
27 1 1
16 1 21
8 321 17714
49 446 16928
64 3 91
61 4 63
97 1 7
10 486 49487
62 1 43
48 1 29
71 1 65
55 1 11
45 1 17
39 1 20
57 1 43
59 1 20
99 1 6
31 1 61
75 451 760
71 117 14003
71 2 71
91 1 16
52 1 57
42 1 24
67 1 4
77 1 37
2 1 54
40 1 47
6 1 22
67 44 90
88 1 52
72 1 59
42 1 52
31 1 42
28 1 59
90 1 48
15 1 23
2 1 12
54 1 6
31 1 58
97 15 2532
3 1 17
14 273 58068
11 1 53
36 1 11
25 1 11
58 1 3
2 5 78
86 5 118
23 1 23
68 1 55
59 218 17666
69 1 17
9 1 6
53 1 25
52 1 32
33 1 11
0 1 66
88 1 3
93 1 18
57 1 5
39 1 43
80 1 96
13 1 19
29 1 19
34 1 7
40 14 78
29 1 6
99 1 17
95 1 34
27 1 29
7 1 72
15 1 42
16 16 113
87 1 9
62 1 6
21 1 54
52 1 54
14 1 2
37 1 12
91 39 31242
11 462 101
11 1 26
6 1 37
10 1 8
15 1 62
70 1 66
93 1 59
97 1 8
70 310 10267
32 114 757696
70 1 62
48 1 17
58 470 2827
5 1 34
71 1 13
20 1 63
68 1 66
41 1 25
7 1 49
49 1 24
49 1 18
92 1 14
75 1 5
11 1 51
42 1 34
32 1 25
20 1 34
58 1 19
19 202 460
21 1 31
70 1 2
88 1 7
84 1 5
9 1 15
99 1 0
74 1 20
7 1 4
95 1 39
27 1 11
10 1 5
41 408 33960
52 1 20
37 1 25
47 419 324
70 1 48
58 477 421090
49 1 39
28 187 423463
84 1 47
64 1 53
52 1 33
39 1 46
27 1 25
9 1 17
23 1 67
87 394 19208
74 491 123519
87 1 3
93 34 213820
13 1 82
49 1 28
98 244 8185
27 228 4015
33 1 21
83 469 47947
82 2 23
45 1 10
99 1 58
55 1 1
8 1 1
75 1 7
82 1 16
4 23 798043
3 1 7
87 3 27
2 1 24
62 1 7
4 495 4162
99 1 60
64 1 14
17 1 57
69 1 3
11 1 86
17 78 359426
48 1 15
13 1 45
98 187 31306
17 1 50
69 1 7
57 1 24
48 1 4
35 1 35
62 2 652934
55 1 22
93 1 43
37 1 43
44 1 6
92 1 25
30 1 12
84 1 69
13 1 27
38 224 3054
62 1 41
13 1 39
68 1 14
34 233 854839
67 1 0
50 1 12
11 1 55
25 15 2349
55 1 2
87 79 3005
13 1 51
58 1 1
99 1 54
42 1 62
21 1 53
28 1 43
23 1 58
21 1 30
74 1 48
3 1 29
2 100 4678
55 1 60
47 1 2
73 229 298242
75 1 3
84 1 44
55 1 14
22 11 569471
11 1 88
21 1 59
15 1 36
69 1 10
70 1 24
90 1 20
84 1 33
53 1 7
70 1 35
0 1 6
99 1 52
59 1 34
74 1 35
44 1 21
77 1 3
92 136 896
93 1 55
23 1 51
12 1 13
52 1 50
69 1 12
29 125 644
80 1 0
39 1 21
40 1 55
99 1 40
49 1 10
72 1 19
37 1 26
42 1 57
45 1 4
62 1 34
49 56 52
74 1 66
53 1 19
39 1 24
23 1 26
61 1 11
25 19 71
53 25 102937
21 1 62
29 152 64
55 1 59
77 325 8222
74 1 46
20 1 11
40 1 22
27 1 16
15 1 60
20 1 24
7 1 64
28 4 148
74 1 63
31 1 10
3 1 6
12 1 15
11 1 42
77 1 40
42 1 49
37 132 264573
75 1 4
80 1 28
35 3 58
0 1 37
49 261 20645
31 1 55
28 1 25
70 163 96461
42 1 53
12 1 18
56 9 50
86 35 647231
12 397 144430
55 1 19
52 1 16
45 1 11
90 1 12
52 1 21
11 1 35
74 1 68
56 1 3
98 1 0
92 1 70
20 1 9
11 1 16
77 1 21
3 1 13
17 1 32
50 1 13
33 1 38
86 2 64
61 1 2
80 1 12
45 1 34
37 1 5
78 1 8
24 1 9
20 2 75
15 1 22
12 1 8
59 1 51
82 401 7665
40 1 62
5 1 4
27 1 33
88 1 1
62 1 44
95 115 2292
83 1 12
48 1 16
2 1 62
9 1 54
73 1 15
72 23 3390
7 1 2
35 1 5
5 241 537
70 1 30
0 1 25
68 1 0
21 1 9
5 1 10
40 268 14974
33 1 39
28 1 57
9 1 24
23 1 6
53 1 26
62 1 31
45 1 20
53 287 760892
13 10 273948
52 226 39702
13 1 52
28 1 35
83 1 7
68 1 31
53 1 22
74 1 27
18 1 11
90 1 44
44 1 18
53 1 13
51 424 26932
7 1 21
13 1 2
40 1 41
46 1 5
68 277 13119
88 1 51
40 1 33
13 1 66
62 1 28
40 1 50
68 1 82
80 1 27
17 1 51
70 1 65
21 9 99178
91 1 6
20 1 4
86 1 29
38 325 1131
72 1 22
57 245 154829
52 1 22
32 1 10
0 1 17
59 345 26442
7 62 179752
67 1 15
22 1 9
83 1 19
51 348 101393
13 1 15
99 1 20
52 1 39
9 1 52
92 431 10393
11 1 62
36 1 0
2 1 58
43 248 316904
29 1 1
80 1 53
92 1 16
11 1 12
14 1 49
56 1 8
88 57 80626
61 139 119883
33 13 50
39 1 73
39 1 4
54 435 662380
48 1 10
71 1 29
52 1 11
71 1 33
58 1 11
30 1 15
78 1 24
53 1 17
27 1 6
61 1 14
7 1 55
7 1 29
15 1 46
78 1 36
11 1 36
65 1 11
67 1 21
45 1 5
64 1 57
0 381 1896
98 1 1
45 1 31
33 1 17
72 1 31
68 1 62
46 1 7
0 1 80
39 1 35
27 1 27
71 1 31
42 1 39
83 1 0
61 76 70
14 1 40
31 1 30
43 411 10706
52 1 3
31 1 44
59 1 10
69 358 4712
86 1 30
13 1 29
92 1 42
20 1 3
72 1 9
19 464 2182
42 210 776
67 1 23
43 1 2
61 1 55
42 273 8433
58 1 9
84 1 59
9 132 864
28 1 9
50 1 4
14 1 11
15 1 43
60 1 1
13 1 80
64 1 33
68 1 28
44 1 17
55 1 62
82 1 7
75 62 9773
49 1 25
28 465 913897
70 1 16
56 10 35
77 1 51
33 1 3
1 305 88561
42 1 38
62 1 65
37 1 61
20 1 38
32 1 23
53 1 29
9 1 9
20 1 8
21 1 23
36 1 10
13 1 54
8 189 25942
49 1 12
35 1 36
58 1 15
95 1 3
23 1 31
15 1 58
21 1 12
35 436 67
23 1 13
58 143 3670
53 1 4
71 1 42
75 1 12
31 1 51
11 175 222456
27 1 3
77 1 61
30 1 16
57 1 23
88 1 39
72 1 5
39 1 77
16 285 402676
66 2 6
68 1 8
29 1 10
14 1 6
27 1 8
91 1 24
37 1 27
23 1 29
63 1 10
40 1 69
36 254 1491
61 1 5
77 1 68
93 1 23
60 259 23086
7 1 22
96 22 468219
2 1 34
91 1 5
1 1 0
7 1 53
64 1 52
0 1 53
88 1 42
11 1 47
96 132 63086
11 1 33
9 1 50
36 123 906
46 279 22849
70 1 20
88 1 54
74 1 61
35 1 65
11 1 32
93 1 19
37 1 14
46 1 14
59 43 409
99 1 38
70 1 1
44 442 922
11 1 58
21 1 69
57 1 39
81 80 4321
7 1 70
71 1 55
84 1 28
52 1 0
90 191 933
86 1 3
31 1 28
39 371 1988
63 1 6
14 142 19167
35 1 38
58 1 18
86 1 37
39 1 0
88 13 6079
17 1 8
48 173 3019
11 415 357560
50 1 2
41 1 6
9 1 62
11 1 73
92 1 45
16 1 7
60 1 0
64 1 58
43 1 14
82 1 14
64 1 66
23 1 43
40 1 17
39 1 50
61 1 17
87 1 14
16 274 129168
0 1 47
71 1 2
25 1 17
74 1 13
68 1 21
6 1 1
15 1 13
9 1 55
7 8 83
6 1 30
26 386 792183
57 367 289169
72 1 57
74 449 80093
44 1 1
99 1 64
39 1 38
84 1 55
7 1 74
77 1 47
5 1 6
55 1 15
95 1 12
71 1 52
52 1 13
23 1 12
13 1 40
13 1 76
84 465 6762
77 1 60
28 1 50
14 1 26
67 1 33
11 1 74
95 1 30
40 1 6
25 1 7
37 1 44
15 1 37
61 348 162025
46 1 16
68 1 77
1 214 665802
27 1 21
35 1 23
57 1 28
22 1 1
21 1 57
50 150 11562
62 1 63
82 1 4
52 77 140
54 1 2
25 1 15
61 1 35
39 1 88
18 1 5
88 246 14701
64 1 10
88 1 27
11 1 1
95 1 35
86 1 52
43 457 5645
62 1 47
70 226 11344
59 1 4
93 1 5
84 1 22
60 1 15
70 1 10
90 1 5
49 1 29
74 1 1
95 1 17
24 1 5
42 1 21
45 1 46
99 36 65
39 1 83
18 1 10
37 1 37
65 3 23
42 1 29
34 1 1
23 1 33
75 1 11
13 1 73
87 1 4
2 1 30
21 1 27
18 4 42
67 461 2361
64 1 19
75 475 864357
11 1 75
37 1 19
52 1 35
25 471 1024
23 1 32
70 5 77
80 1 17
64 417 21745
13 1 63
94 55 336
72 1 61
74 1 32
81 30 2286
52 1 5
62 1 61
41 1 21
43 1 6
63 1 15
77 1 57
77 1 44
64 1 56
47 1 6
57 1 38
70 1 11
33 1 5
90 1 39
88 1 4
74 1 60
6 1 26
95 1 32
86 1 5
20 1 2
92 1 47
10 41 891139
37 1 13635
9 1 43
40 1 42
0 1 71
90 1 36
31 1 11
61 1 6
2 1 40
49 1 34
68 1 23
68 1 1
91 279 268
37 1 34
64 1 62
3 1 2
39 1 8
35 422 759
33 1 8
57 1 16
20 79 6025
33 1 13
59 460 39135
43 1 4
68 1 80
10 1 6
46 264 7028
70 1 21
88 1 8
31 1 35
98 1 5
53 323 1099
14 1 28
99 1 47
13 1 44
13 1 13
78 40 3921
2 1 25
10 1 7
11 1 85
65 1 14
62 229 25844
27 1 9
99 1 18
88 1 6
86 1 1
84 1 20
28 1 36
0 1 42
90 1 1
21 355 10444
88 1 46
35 1 45
23 1 34
36 2 18
33 1 33
13 1 68
6 1 16
77 1 33
41 1 5
30 1 14
40 358 4333
51 469 194
32 3 47
77 1 58
58 1 13
7 1 17
70 1 18
86 1 17
58 307 6466
35 1 11
23 1 0
10 478 687877
88 1 41
11 1 77
94 403 36435
21 1 47
81 166 22114
32 224 36886
84 415 281865
7 1 66
28 1 16
57 1 12
39 1 78
45 1 26
84 1 23
27 225 136
80 1 39
7 1 62
95 1 20
11 1 29
33 1 30
64 1 60
9 1 57
92 1 27
72 1 32
61 1 24
28 1 42
73 6 9
58 1 16
21 1 7
83 1 5
92 1 6
41 1 3
74 1 29
71 1 66
47 12 18
93 18 62
26 266 2231
39 1 66
9 1 37
40 1 57
55 1 80
84 1 52
36 1 8
20 1 46
40 1 68
24 1 6
87 1 13
74 1 57
16 1 1
40 1 37
86 1 42
2 1 57
44 1 7
74 1 15
69 1 16
60 371 537799
20 1 20
90 1 38
67 1 3
72 1 75
0 1 15
37 1 35
92 1 40
31 1 15
15 1 69
57 477 43029
19 4 11
59 1 50
16 1 17
60 1 14
12 1 5
20 1 41
74 382 794943
72 500 7802
5 1 13
40 192 3431
28 1 3
74 1 70
53 52 41
71 1 18
67 1 6
62 1 64
61 1 12
21 1 68
23 1 60
96 215 44529
98 294 101318
92 1 51
4 168 141981
59 1 7
78 1 32
6 1 17
38 224 469487
54 109 355590
50 6 262840
91 1 46
25 1 29
29 1 18
17 1 25
75 1 9
30 296 17615
9 1 46
80 1 74
24 1 17
3 1 31
13 1 10
84 1 32
21 1 33
65 46 13662
24 1 20
35 1 2
23 1 64
29 1 14
59 1 23
99 1 28
9 278 233389
72 1 7
31 1 4
92 1 66
49 1 15
71 1 70
78 1 35
3 1 26
45 1 12
20 2 85
77 1 29
15 1 0
71 1 23
69 1 4
55 1 87
20 69 118
23 1 1
15 1 20
16 1 23
12 1 4
92 1 8
52 1 55
20 1 61
99 1 48
41 1 26
70 1 31
72 86 100
20 1 6
71 1 45
87 66 342
15 1 19
80 1 38
26 1 2
12 1 17
44 1 15
0 1 79
43 1 3
56 211 402836
37 1 1
25 1 9
7 1 8
45 1 2
42 1 16
71 1 54
62 1 19
62 1 17
95 1 13
55 1 32
93 1 57
72 1 8
33 226 30961
2 263 710
53 1 21
61 23 882412
18 90 54335
99 238 37826
57 1 42
68 1 53
51 327 25561
63 248 20957
84 48 138
35 1 39
69 1 35
21 1 43
80 1 40
45 65 6229
25 1 3
28 7 74
24 1 26
62 1 55
9 1 3
5 1 5
13 1 30
13 1 16
82 1 1
99 1 49
71 1 15
61 5 407476
61 1 31
55 1 20
77 1 32
71 1 68
53 1 12
61 1 45
68 1 15
41 226 15194
21 1 38
99 1 51
55 1 6
0 1 14
23 1 53
30 1 18
37 1 32
15 1 15
28 1 4
77 1 63
88 415 9309
20 1 7
32 2 43
97 1 3
72 1 1
14 1 41
19 2 8
11 2 92
37 1 0
43 1 13
15 1 64
91 102 74
86 1 38
13 1 28
27 369 4779
30 1 7
11 1 48
40 1 38
43 11 16
70 1 12
56 1 14
35 1 25
91 1 2
72 267 388068
13 1 65
39 7 89
48 18 46
78 1 14
74 1 58
17 1 41
69 1 9
94 74 33178
92 1 55
39 1 82
74 1 8
21 1 51
45 1 24
6 1 40
59 1 43
80 1 82
36 1 6
34 250 15680
21 1 44
20 1 58
19 1 7
11 1 78
47 1 3
66 13 520
20 1 27
82 1 19
13 1 3
52 1 40
64 1 6
70 1 40
29 1 17
68 226 196670
26 1 4
25 1 5
91 1 21
13 1 70
24 1 10
58 1 8
20 1 57
18 328 254607
62 200 483
30 1 8
57 9 52
52 1 26
72 1 51
14 1 38
2 1 22
92 1 2
18 3 15
77 1 19
61 1 53
11 1 57
0 1 64
18 15 63
60 1 2
40 1 48
56 1 21
20 1 54
61 1 57
56 471 6068
64 1 77
77 1 22
82 216 33957
68 1 6
71 1 3
68 1 27
84 1 0
37 1 58
67 1 7
13 1 50
32 1 18
94 420 20510
40 1 61
91 1 8
80 1 9
39 1 7
63 422 388
41 1 0
70 1 51
72 40 392
31 1 48
91 1 27
99 1 45
16 1 26
62 1 59
26 442 273147
59 1 21
65 1 2
49 1 27
99 1 9
23 1 38
78 1 17
54 190 383441
40 1 14
84 1 62
53 1 27
62 1 21
83 1 1
7 1 56
88 81 5277
70 1 36
74 40 1516
57 1 13
40 1 59
72 1 64
84 1 60
62 230 607736
0 1 73
40 313 109
42 1 13
15 139 106121
67 1 11
11 1 95
25 1 19
82 1 10
61 1 8
62 1 15
7 464 31359
95 299 572763
5 1 25
29 91 7913
55 1 40
56 1 7
20 1 19
35 1 54
97 460 129177
72 1 17
39 1 16
86 25 158
74 1 54
66 114 69744
97 1 6
95 1 40
23 1 45
15 1 67
7 1 82
7 29 838
29 394 17827
28 472 172422
11 1 80
71 1 63
60 1 9
31 1 31
25 1 12
99 1 22
88 1 37
49 1 2
14 11 70
80 1 55
99 1 15
3 1 39
23 1 66
40 1 64
48 1 19
80 1 46
80 1 18
33 1 24
42 1 12
28 1 8
16 1 19
39 242 4059
25 1 25
21 1 0
2 1 44
64 1 16
1 276 27605
20 1 64
63 1 5
84 1 51
78 1 21
56 1 22
74 1 2
39 1 6
20 1 26
42 1 0
84 1 49
99 1 57
72 1 73
42 1 59
52 1 48
14 1 45
20 1 42
25 4 42
94 62 17
57 1 11
2 1 23
13 1 11
12 1 0
7 1 30
13 1 49
94 250 63349
29 1 15
57 1 10
7 20 100
72 1 44
10 1 4
31 1 29
99 1 30
63 1 3
25 5 46
77 1 30
55 1 49
26 68 870031
28 1 6
83 1 10
8 1 4
64 1 2
11 1 3
99 461 13315
82 337 852180
82 1 20
67 1 9
57 1 33
44 365 97
86 1 39
54 314 79
69 1 13
90 1 11
42 1 54
14 1 25
94 9 3
33 1 26
90 407 319
13 1 74
15 1 32
0 1 5
78 1 25
88 1 53
0 1 22
64 1 75
35 1 42
23 1 42
68 1 12
52 1 15
73 1 5
16 1 25
20 1 59
66 1 3
62 1 66
98 143 2049
74 1 18
75 1 10
30 1 9
0 1 39
33 1 19
74 1 33
44 1 12
44 191 62766
6 95 657390
20 1 50
9 1 51
96 386 336968
84 1 67
9 308 4789
23 1 40
86 1 58
7 1 34
59 1 25
51 1 2
39 1 1
62 1 2
22 435 157
26 1 7
13 1 20
86 1 43
91 1 26
91 1 23
52 1 60
67 1 5
71 1 32
0 1 78
86 1 24
11 1 87
28 1 11
70 1 71
10 1 2
3 1 22
56 180 482875
42 1 35
0 1 3
19 235 20755
88 1 23
88 450 31247
20 1 45
0 1 33
74 1 17
67 1 27
80 1 89
68 1 75
35 1 6
32 30 128
11 1 14
60 1 3
90 1 4
64 1 65
62 1 8
58 2 21
47 266 1828
11 1 69
33 1 1
56 2 26
63 36 8018
80 1 19
61 1 16
30 2 57325
32 348 77915
99 1 4
51 477 737140
13 2 138109
92 1 50
62 1 14
88 1 45
29 68 185330
83 1 8
5 1 35
99 1 43
55 1 27
21 1 32
67 207 32331
34 1 5
20 1 49
32 195 740
86 1 0
93 1 22
71 1 14
70 109 107013
54 166 1514
53 5 31
90 1 27
32 1 7
95 377 902
75 12 762163
70 1 42
23 1 25
35 1 33
78 1 30
45 1 29
7 1 35
95 1 26
49 1 33
47 460 2603
14 25 110
13 63 109
30 40 52059
61 1 10
31 1 57
99 318 617535
70 1 54
17 1 16
0 1 8
71 1 41
41 1 9
61 1 3
39 1 84
99 1 11
1 314 18158
84 1 35
26 1 5
46 1 12
70 1 4
28 1 31
15 1 35
67 1 37
21 1 46
67 422 20638
88 1 24
15 1 51
48 1 27
48 1 9
84 1 6
37 1 54
61 1 13
49 497 1728
74 1 10
90 1 34
9 1 33
32 1 13
9 1 7
93 1 4
94 447 27545
28 1 28
49 30 84030
33 1 10
0 1 27
61 1 1
72 1 27
2 1 38
14 45 40208
41 1 22
55 1 66
58 1 0
64 1 82
36 1 5
48 1 30
87 137 49
9 1 14
0 1 28
90 1 8
30 1 6
40 184 51859
5 1 12
13 1 81
5 2 37
17 1 42
92 1 54
46 1 10
61 1 47
39 1 12
33 1 4
49 1 19
81 186 2595
2 3 74
73 1 1
74 30 288
53 235 772928
92 1 60
93 1 50
64 1 30
39 1 47
90 1 25
37 1 55
32 1 27
30 61 190
3 1 32
55 1 86
48 1 34
50 1 5
40 1 11
80 1 37
91 5 49
42 1 65
35 1 10
92 1 7
2 1 17
18 125 627669
45 1 25
72 1 34
86 1 8
31 1 45
0 1 63
64 1 32
39 3 103
80 1 2
74 1 31
23 1 39
40 1 74
37 434 10315
70 1 72
3 1 4
50 1 0
12 1 10
64 1 51
9 1 58
80 1 16
73 1 2
83 1 2
34 2 13
91 1 22
55 1 64
0 1 74
69 1 21
7 1 10
61 1 54
47 1 7
67 1 17
24 1 2
14 1 14
2 1 5
21 13 169
12 1 1
49 1 37
93 1 37
82 1 8
11 1 63
54 1 1
53 394 571888
74 1 22
84 1 9
34 1 9
6 1 10
7 1 52
59 1 30
31 1 65
20 1 51
77 1 73
70 1 13
80 1 33
71 1 0
20 1 36
72 1 20
3 1 24
89 175 8882
74 1 36
95 1 29
95 1 11
5 1 18
17 1 22
0 1 26
91 1 3
55 1 53
46 1 0
90 437 2611
3 1 37
7 1 19
41 1 13
93 1 24
77 1 43
17 1 21
31 1 56
71 37 285470
0 1 62
11 1 44
2 1 31
27 48 687
62 1 42
72 1 62
52 1 43
35 1 43
37 1 15
39 1 85
87 432 878323
21 275 22125
72 1 14
40 1 36
11 1 83
62 1 52
3 1 21
64 1 67
86 1 25
2 1 26
41 1 23
21 1 52
74 1 14
6 1 31
32 1 20
55 1 7
74 3 79
37 1 20
80 1 3
11 1 90
68 1 58
56 50 944
47 93 11061
21 1 63
84 1 54
52 1 37
18 1 0
48 156 73291
7 1 37
77 157 5481
68 1 17
60 1 10
41 1 7
15 1 41
71 304 8205
88 119 3758
88 1 29
21 433 240574
28 59 16872
95 1 5
90 1 6
65 1 17
30 1 0
31 1 7
95 1 22
71 1 10
86 1 57
86 1 41
78 1 26
82 402 872
9 1 44
50 1 8
21 1 49
9 1 42
59 1 37
71 1 30
13 1 67
31 1 6
61 1 18
5 1 9
35 1 13
33 1 40
31 1 14
40 1 75
43 1 10
72 1 74
27 1 18
15 1 5
2 1 48
43 160 1121
12 1 9
59 1 27
40 1 13
40 1 5
37 1 42
72 1 41
14 1 7
33 1 37
0 1 24
48 1 20
37 1 29
10 1 9
69 2 22
84 1 21
13 1 26
6 1 27
23 1 36
7 1 27
35 104 1472
40 1 4
15 1 47
27 1 12
78 464 1931
55 1 42
9 1 53
0 1 1
28 1 26
74 1 16
49 1 21
62 1 25
74 146 192990
40 1 72
14 1 12
39 1 80
5 1 1
61 1 7
50 472 112375
56 1 20
63 1 0
17 1 20
77 1 65
37 72 96
42 1 23
74 1 28
62 1 4
91 1 33
93 1 56
22 76 27
8 1 3
52 1 52
13 1 25
55 1 58
56 1 12
33 1 31
86 460 7544
88 1 14
49 1 30
1 466 50623
28 1 45
39 1 34
28 1 13
92 1 59
32 1 0
24 1 21
27 1 7
93 1 49
56 1 11
20 1 65
7 1 3
99 1 1
33 1 32
64 1 59
68 1 37
62 1 33
46 1 9
24 1 4
22 5 19
3 1 19
70 1 68
69 204 13917
62 1 38
62 1 16
20 1 39
68 1 52
34 1 10
10 1 11
64 98 1100
92 1 61
78 1 29
99 1 26
44 1 14
93 1 39
64 1 31
77 1 67
84 1 53
37 1 18
62 1 53
33 1 29
52 1 56
97 32 40
69 1 15
57 264 6956
92 1 20
18 1 7
77 1 7
77 1 2
54 1 3
18 1 3
62 22 64178
84 10 94
27 1 2
88 1 2
84 1 65
57 1 45
34 1 4
0 441 77976
64 5 96
24 1 19
70 1 32
52 303 6889
45 1 6
56 174 202
9 67 7541
36 145 5925
52 360 83470
54 1 4
7 1 67
39 1 75
80 1 34
28 1 20
90 1 2
64 1 29
45 1 22
20 1 47
24 1 13
32 1 3
78 1 1
45 1 33
13 277 17747
72 1 48
19 199 146516
93 1 41
5 1 16
99 1 41
3 1 20
31 1 47
70 1 73
13 1 46
6 1 2
27 1 17
63 363 33609
40 1 66
90 6 153
70 227 13724
61 1 30
23 1 50
80 1 83
42 1 28
55 1 13
62 1 60
70 1 69
87 1 5
92 1 64
51 477 76800
72 1 18
80 1 45
0 1 40
40 1 20
78 1 27
15 1 48
32 1 4
31 1 5
31 422 564037
95 1 42
55 1 52
71 1 48
80 1 59
99 8 108
87 1 22
29 1 12
55 2 106
66 1 4
71 1 25
44 346 8980
55 1 81
9 1 38
0 1 68
25 1 26
8 96 124702
62 1 45
88 1 21
24 1 18
17 1 40
26 1 8
11 1 50
99 1 36
84 1 27
15 1 7
42 1 4
93 1 1
37 1 28
42 1 48
23 97 17523
11 1 39
10 450 6150
77 1 50
19 1 5
49 1 40
6 1 4
71 1 61
27 1 22
23 1 27
11 1 19
88 1 33
49 1 16
57 1 35
78 1 12
23 1 65
49 1 8
2 1 33
35 1 34
81 256 41477
90 201 17055
42 1 10
14 1 34
40 1 3
15 1 27
9 1 2
72 1 46
16 1 18
55 1 46
37 481 1210
84 1 66
0 343 1206
74 1 41
91 1 41
71 1 8
31 1 8
68 1 67
80 1 35
2 1 20
67 1 18
70 1 76
0 1 41
49 1 6
72 1 36
15 1 3
20 2 72
77 1 64
0 1 11
2 1 67
5 320 744500
32 1 1
86 1 51
61 8 5255
68 1 63
92 1 56
20 1 48
27 317 1009
7 1 50
93 1 58
35 1 7
13 1 60
72 1 23
99 1 7
71 1 1
52 459 545
77 1 0
23 1 5
35 1 53
92 1 57
39 1 37
95 26 72
56 1 1
40 1 28
0 369 117
65 354 2301
59 1 18
86 1 28
19 1 4
92 1 5
70 1 39
15 1 71
18 1 1
48 1 3
17 1 47
99 369 1644
91 456 3358
23 1 41
93 1 30
35 1 52
39 1 65
27 1 32
67 1 16
14 1 30
78 1 9
10 180 256140
11 1 4
21 1 15
80 1 31
80 1 62
67 1 22
20 1 53
57 1 14
55 60 554162
18 1 12
57 1 20
40 54 35622
86 1 20
30 411 64240
80 1 68
39 1 13
40 1 70
61 1 62
93 1 35
92 1 26
35 1 41
17 370 1927
74 1 11
91 1 18
47 20 33
13 1 58
9 1 4
98 1 2
28 1 22
10 1 0
64 150 2756
70 1 61
86 1 16
80 1 64
9 84 2009
58 1 5
70 1 25
34 1 6
29 1 22
42 1 51
11 1 79
84 1 61
83 141 63
59 1 44
20 1 25
80 1 47
47 1 1
57 1 32
9 1 10
64 1 18
19 17 53
80 1 90
3 1 11
71 1 40
98 1 13
40 1 23
15 273 235
71 1 5
39 1 68
74 1 53
31 1 22
7 1 13
72 1 42
50 1 11
77 1 27
2 1 47
22 346 961
90 206 1179
8 452 938946
11 1 25
14 1 32
11 1 31
19 1 6
62 1 27
64 1 49
52 1 24
80 1 49
17 1 4
67 103 252222
9 1 19
36 1 7
92 1 30
57 1 34
2 1 43
7 1 15
92 1 22
67 1 42
91 1 31
52 1 9
33 1 6
94 1 2
88 1 30
42 1 50
39 1 63
2 1 13
56 1 17
15 35 109
35 1 30
68 1 86
11 1 56
12 31 30
60 8 32
31 1 38
37 1 39
31 1 39
13 139 187245
67 69 143
27 1 30
0 1 35
15 1 17
77 1 55
21 1 55
27 403 1328
59 1 16
95 1 7
42 69 532
6 1 8
40 1 16
1 57 23695
19 413 11601
13 1 69
31 1 9
21 1 5
21 1 22
40 1 12
23 1 54
7 1 46
17 15 58
34 1 12
24 1 16
7 1 63
15 1 50
80 1 75
42 1 31
61 1 34
15 1 55
93 1 11
11 1 27
11 1 38
30 1 2
71 1 11
23 1 9
31 1 16
34 1 431784
92 1 39
31 183 247
55 1 75
22 1 4
40 1 71
40 471 1214
12 1 21
16 20 75
14 1 4
57 1 22
3 1 41
32 1 34
8 1 5
27 488 9279
14 1 43
41 1 8
91 1 0
53 92 6219
43 440 35
13 1 22
92 1 44
13 177 3789
62 1 51
84 1 8
52 1 46
16 1 5
24 124 72
80 1 29
42 1 61
32 1 21
35 1 28
59 1 0
68 1 7
82 1 17
78 1 28
32 1 8
30 1 11
12 1 524176
88 10 61
80 1 25
29 1 7
84 1 25
22 1 0
7 1 20
5 1 7
33 1 14
86 1 36
60 2 16
21 1 1
22 1 6
72 147 21662
9 1 23
13 1 18
9 1 34
39 1 53
35 1 4
15 1 9
16 1 22
23 1 10
72 1 66
81 25 35
49 1 23
93 1 52
17 1 36
72 3 76
37 1 8
59 1 46
13 1 84
67 1 12
63 173 103
22 1 5
99 1 8
17 1 44
77 1 53
5 1 24
95 3 55
20 1 13
74 1 39
88 1 9
27 1 0
37 1 22
31 1 54
17 1 15
66 1 0
87 1 6
45 1 36
14 38 210
64 1 11
5 1 23
65 1 3
0 1 70
71 1 53
84 1 2
71 288 4818
53 1 2
92 12 774730
97 1 2
21 1 4
42 1 3
2 1 63
70 1 0
91 1 15
35 1 24
95 108 267
61 1 56
51 1 10
21 1 39
7 1 7
31 1 41
23 1 8
41 1 15
71 1 17
72 1 45
21 1 66
63 1 11
83 1 6
92 1 35
72 1 29
56 1 5
92 1 32
14 1 19
74 1 5
6 1 19
6 435 10011
94 436 39879
0 1 44
67 1 39
86 1 31
44 1 0
70 1 63
31 1 21
80 1 76
29 1 21
64 1 27
48 1 31
9 1 16
69 1 18
97 211 482
63 1 2
23 1 37
50 485 512
37 124 27883
3 1 36
45 1 14
3 1 12
40 46 353561
61 1 60
20 1 22
21 1 10
83 1 16
88 44 147710
95 1 36
3 1 18
82 403 495549
43 1 9
43 1 5
67 1 32
68 1 34
68 1 24
59 1 42
99 1 10
29 1 26
17 1 29
77 1 5
78 1 20
90 1 3
49 1 35
45 1 37
80 1 1
59 2 53
9 1 5
5 1 28
61 1 40
9 1 60
50 1 7
90 1 21
41 1 1
72 1 28
28 1 54
84 1 29
83 1 15
25 1 24
7 1 18
86 28 4512
39 1 64
45 1 7
29 1 2
62 1 57
14 1 33
37 1 16
92 1 49
45 1 27
15 1 25
2 1 41
71 1 20
5 1 3
2 1 36
19 1 2
77 1 54
88 1 22
3 1 34
92 1 28
72 1 38
84 1 68
77 1 31
74 1 9
13 2 87
72 1 3
42 1 26
25 1 0
19 100 712793
17 1 17
57 1 7
61 1 51
13 10 94
68 19 87
99 1 13
68 1 56
14 7 86
55 1 57
10 45 33
49 1 26
40 144 994
92 1 15
12 209 3151
95 1 6
5 1 17
91 14 54
27 1 23
51 485 5718
80 1 65
80 1 85
53 322 436
52 1 34
93 1 53
88 1 43
21 1 18
15 1 49
7 1 76
64 1 47
39 1 10
71 1 47
84 1 14
66 1 1
39 1 76
77 1 13
15 88 28448
11 1 81
9 1 61
99 1 37
13 1 47
71 1 39
54 248 39867
41 1 11
88 1 28
55 1 74
14 1 17
39 1 22
39 1 59
93 1 10
2 1 27
7 1 0
68 1 60
35 1 22
82 1 15
44 1 2
39 1 58
75 480 69223
5 258 113226
80 145 149
72 1 71
6 1 11
64 1 46
15 1 29
75 1 2
23 1 52
90 1 26
70 1 64
37 1 2
3 1 10
18 1 4
97 6 87
29 1 4
83 3 21
80 1 84
64 1 55
13 1 33
68 1 83
91 1 19
17 1 2
15 1 39
25 1 32
13 387 645721
80 1 70
77 1 8
80 1 78
90 1 37
2 1 71
39 1 71
78 1 34
2 406 5384
17 1 5
37 1 52
78 1 3
68 1 30
11 1 94
65 1 9
6 1 15
7 180 15080
41 1 16
70 1 43
84 1 36
68 1 43
99 276 16669
98 1 8
78 1 22
7 1 71
74 1 50
31 1 53
59 71 88
93 1 25
39 1 40
46 1 2
74 1 38
40 1 53
40 1 60
12 1 14
53 1 18
64 1 70
0 1 20
17 1 31
31 1 2
83 90 6265
16 1 13
13 1 53
45 1 39
17 1 9
88 1 40
75 105 8725
84 1 15
41 1 32
65 1 4
95 1 37
83 1 11
21 1 26
87 1 10
86 1 79
78 1 19
58 327 8417
5 1 11
64 1 78
20 1 28
84 1 63
48 1 1
35 2 56
71 1 4
92 1 62
50 6 14
64 1 40
72 1 58
70 1 67
64 6 107
7 106 4761
59 1 2
28 1 32
37 1 30
74 6 73
64 1 5
65 392 70734
77 1 6
0 28 346842
57 1 19
25 195 47125
72 1 15
40 1 18
45 81 1406
86 1 26
33 1 36
72 1 68
71 1 9
60 347 46
98 28 113481
71 1 60
52 1 27
59 1 17
68 1 61
92 1 65
55 1 21
74 1 30
21 1 65
68 45 220
16 2 29
70 1 46
71 1 34
16 226 258
63 59 23
0 1 76
33 1 2
33 1 35
5 1 32
30 2 19
52 375 1400
48 1 28
23 1 16
92 1 18
39 1 29
20 1 62
28 2 60
58 1 4
58 1 2
19 1 3
91 1 45
79 239 163239
52 1 61
0 1 48
64 1 83
55 1 63
77 1 26
74 1 23
73 377 194878
66 465 662
84 1 56
62 1 49
59 1 41
14 1 46
45 1 42
92 1 19
39 1 19
29 1 13
69 1 2
42 1 17
92 1 33
48 1 2
2 1 42
98 369 15359
63 1 8
80 1 61
86 1 2
39 1 2
90 1 35
32 1 37
53 1 24
92 1 17
2 1 11
28 1 39
17 265 9877
49 1 1
3 1 43
14 1 44
23 1 56
60 1 7
64 1 24
27 1 19
72 1 47
35 64 654151
88 1 55
52 1 51
88 1 0
98 18 21
5 1 15
42 39 502631
7 1 32
88 1 15
25 1 4
22 9 119
80 1 26
99 1 55
16 1 12
84 1 10
28 1 10
3 1 40
63 272 2100
71 1 28
64 1 17
15 416 847
22 1 3
59 433 23955
57 8 92
31 1 12
88 1 49
90 1 17
55 1 82
14 1 9
62 1 20
98 1 10
18 1 14
40 335 44837
17 1 56
31 1 46
84 303 32839
56 1 0
24 443 22785
15 7 165
32 1 5
81 11 21
74 1 4
16 1 27
53 1 11
31 1 63
24 1 23
48 253 680522
49 1 0
59 1 32
75 1 13
49 1 9
52 1 42
55 1 44
86 1 50
11 1 59
83 216 345183
51 1 5
39 1 54
52 1 6
49 235 540994
71 1 51
7 1 26
92 1 10
32 1 31
61 1 4
77 1 17
93 1 6
42 1 56
22 335 613854
74 1 12
30 1 1
91 1 25
87 1 1
59 1 47
45 1 32
17 1 28
32 289 297
86 1 54
16 14 521
86 1 6
27 171 110883
54 11 16
39 1 62
29 1 9
32 1 32
2 1 6
3 1 25
35 1 31
81 487 9726
11 1 37
56 1 4
13 1 61
90 1 29
77 1 25
80 1 67
95 1 8
86 1 34
5 1 21
17 1 18
18 1 9
71 1 21
95 1 10
15 1 30
55 1 61
42 1 20
74 1 49
49 1 20
68 1 13
9 1 18
81 184 122996
45 1 21
78 1 13
42 1 46
14 1 50
77 1 48
99 1 19
23 1 62
0 1 60
51 494 11135
45 446 354501
69 137 73
62 425 841949
7 1 31
35 1 37
70 1 56
64 1 4
55 1 76
3 1 9
14 1 31
84 1 58
6 1 14
80 1 10
17 1 13
41 201 8527
40 1 30
83 177 59787
15 1 53
57 1 0
53 1 5
5 2 43
63 145 7181
14 202 504
32 1 17
39 1 70
86 1 56
70 1 33
15 464 36274
21 2 73
39 1 72
7 1 75
77 1 9
59 416 28075
16 1 2
26 1 3
61 1 58
73 213 350543
14 9 54
86 1 13
99 1 34
17 1 11
67 1 8
16 1 14
55 1 33
13 1 5
13 1 41
67 1 13
80 1 30
71 1 19
17 1 35
68 1 69
92 1 34
38 412 56930
77 1 38
42 1 9
7 1 38
70 1 3
60 3 18
17 1 34
16 1 20
10 64 83
39 1 31
2 1 53
91 1 7
7 1 57
6 19 53
98 1 9
69 1 11
31 1 64
59 1 48
71 1 26
86 1 18
46 8 14083
54 93 12239
71 1 58
80 1 23
78 177 55411
99 1 32
50 1 6
30 1 4
51 1 1
88 1 44
70 1 38
13 1 31
63 1 4
41 1 4
24 310 11060
74 1 59
15 1 57
74 1 43
62 1 0
34 1 2
82 1 2
41 1 20
91 1 32
77 1 28
73 1 0
90 1 7
28 1 51
74 4 83
20 446 22679
55 1 25
62 1 10
40 1 52
15 1 6
59 1 29
40 468 874024
45 81 74
91 1 10
77 1 18
45 1 28
77 1 4
28 82 32462
73 457 140213
72 135 24391
55 1 51
82 208 62104
68 1 84
61 1 26
63 3 12
34 339 43446
39 1 32
3 1 42
13 1 24
20 1 21
16 1 9
10 459 40302
52 1 31
25 1 22
13 1 79
96 476 199935
75 14 54472
41 1 18
56 1 18
21 1 24
9 1 32
39 1 69
98 1 11
62 1 22
88 1 13
23 1 11
83 1 9
52 1 30
25 1 6
20 1 44
25 112 301
14 1 1
73 81 217
78 1 18
52 1 62
40 1 51
54 1 12
2 1 32
63 1 9
62 68 52717
37 1 10
99 1 25
30 1 26
60 160 54007
52 1 36
74 1 44
11 1 24
27 260 21861
7 1 65
24 1 14
77 1 41
93 1 44
30 39 42
23 1 30
92 441 568903
69 1 6
37 1 13
65 1 0
90 1 16
37 1 40
3 32 58
16 1 4
93 221 6026
80 1 11
9 1 28
59 1 40
63 196 45455
37 1 38
77 1 11
64 1 72
0 1 57
6 386 159256
97 1 4
23 1 22
87 1 25
90 1 0
9 1 21
65 1 16
20 1 31
25 26 3013
14 1 35
59 1 11
77 269 105
88 1 19
99 1 3
99 1 59
21 1 70
80 1 44
72 1 49
7 1 28
15 1 61
90 1 49
53 1 1
55 1 34
6 1 33
33 1 7
21 1 25
93 1 9
88 387 164049
64 3 87
17 1 24
68 1 72
91 1 17
0 297 152186
90 1 41
70 1 47
7 1 43
48 1 6
28 1 33
86 1 11
15 1 21
34 4 33
15 1 54
84 1 38
57 488 64367
38 26 36014
88 71 2353
74 1 3
93 1 46
64 1 13
9 425 429
21 1 45
57 1 40
98 1 16
80 1 87
59 1 31
9 1 36
46 1 13
82 68 37536
86 1 4
5 1 33
31 26 1407
14 1 21
39 1 79
57 1 25
67 1 28
0 1 58
59 1 3
64 1 15
28 1 17
80 1 72
84 1 43
21 1 8
64 1 85
99 1 46
40 1 54
80 1 69
45 1 13
35 1 44
21 405 17527
63 1 1
25 1 27
7 1 42
3 1 5
55 1 35
28 1 2
51 1 9
17 1 53
24 381 5429
45 2 44
91 1 42
45 1 43
68 1 57
57 1 4
21 1 29
15 5 73
77 1 16
20 1 23
37 1 48
11 1 23
68 1 68
84 1 64
91 363 48172
17 1 46
70 357 383
88 1 36
48 1 26
14 63 835236
10 1 1
40 1 26
67 38 663
46 1 11
72 1 56
72 1 63
83 240 97199
93 1 0
52 13 66
68 1 59
77 1 39
28 1 38
80 1 20
93 1 20
28 1 12
35 1 17
6 446 558908
25 1 2
7 2 79
20 1 17
67 1 31
10 4 18
62 1 36
67 1 40
78 1 4
59 329 511695
84 1 13
99 1 5
64 258 558
57 1 41
23 1 63
0 1 16
2 1 7
10 1 3
61 3 67
11 1 22
15 1 63
52 1 14
7 1 14
83 1 17
56 1 2
49 1 11
18 56 1315
41 100 123
11 1 2
5 1 22
64 1 86
0 1 19
95 1 45
33 3 47
37 1 45
11 1 18
37 1 24
64 46 129411
35 1 8
8 98 411294
86 1 27
72 1 35
88 1 12
80 1 58
32 1 11
84 1 26
49 1 3
61 1 15
13 1 37
55 1 70
95 1 19
59 1 22
75 328 1540
10 1 15
46 92 8785
23 1 47
20 262 187918
91 83 730
90 1 43
98 1 6
3 205 1598
5 1 14
80 1 14
61 1 43
7 1 36
37 1 49
86 1 53
68 1 51
75 1 0
11 1 20
56 1 10
13 415 152652
15 128 548100
45 1 23
95 1 15
28 1 44
83 252 717
23 1 35
44 1 24
50 1 3
42 83 122
62 151 78839
75 263 28567
40 1 10
68 1 49
55 1 69
37 1 23
77 1 14
45 158 227
74 425 90085
33 1 20
13 1 8
22 1 2
2 217 159
60 1 13
87 144 4919
87 1 20
47 1 4
55 1 78
9 1 25
5 114 72996
34 458 2262
97 1 0
14 447 927391
86 1 48
10 75 1275
74 1 0
94 402 431432
55 1 26
75 164 11786
36 10 34
37 1 33
59 1 45
21 1 2
99 179 170599
42 1 11
40 1 43
90 1 22
13 1 62
86 1 14
39 1 9
94 287 66957
14 1 23
45 379 163623
11 1 91
82 447 208660
13 1 43
39 1 74
68 185 403
13 1 59
55 1 9
70 1 57
52 1 8
6 1 28
53 1 10
92 1 24
0 1 32
32 1 30
55 1 83
41 1 2
2 1 2
74 1 67
92 248 105898
34 64 63
59 119 952353
37 1 51
93 1 26
66 87 97
78 415 32689
77 361 113158
84 1 42
32 1 33
99 1 42
7 1 78
77 1 12
39 369 95865
91 1 14
71 303 244
34 181 46128
1 381 52721
88 1 38
20 1 0
82 474 49505
90 289 312625
90 1 14
7 1 5
31 1 24
12 1 7
20 1 67
52 1 2
53 1 15
61 1 59
80 1 66
6 1 32
92 1 12
74 1 7
25 1 23
50 8 21
80 1 60
37 1 21
95 1 38
7 1 73
39 3 98
13 1 55
17 1 12
7 1 12
64 1 73
6 1 12
64 1 76
82 1 18
95 1 31
59 1 13
70 458 52441
35 1 26
87 1 0
37 28 68
45 188 275965
82 1 13
84 1 50
3 265 13783
0 1 0
15 1 14
91 1 35
40 1 58
91 1 4
12 1 12
62 1 1
11 1 28
84 1 31
55 1 24
82 305 500822
55 1 10
25 457 728407
17 1 27
82 1 5
29 1 3
42 1 32
51 250 12705
39 1 17
74 1 52
28 1 18
91 1 40
86 1 7
78 22 44
48 1 7
6 1 34
87 1 26
40 1 8
29 1 8
64 1 35
45 1 15
13 86 293
59 5 61
28 1 7
86 1 21
5 1 0
2 1 61
70 1 37
43 1 7
49 326 126665
62 1 23
0 1 56
7 1 47
72 1 65
25 96 957933
39 1 60
7 1 25
20 1 56
90 1 18
82 320 274897
11 1 49
73 77 165028
1 1 2
45 370 935
2 6 142
53 481 108857
35 1 18
72 1 33
33 1 28
7 1 81
90 442 440612
47 1 9
11 83 7472
55 1 45
62 1 56
57 1 36
84 1 40
2 1 52
72 1 21
72 14 82
90 1 40
59 1 56
15 1 40
80 1 73
68 1 35
52 1 1
80 1 52
39 1 52
99 1 33
11 1 52
33 1 0
41 1 24
58 1 17
32 1 12
70 1 45
33 1 15
28 1 15
77 427 842312
25 1 18
68 1 70
63 6 16
94 1 0
61 1 32
43 1 0
42 1 2
53 1 28
3 236 6834
59 1 24
32 1 6
87 1 23
71 1 6
23 1 15
77 1 42
16 450 13015
45 1 35
31 1 60
61 1 42
72 1 30
35 1 48
35 1 20
86 1 62
2 1 39
32 1 35
17 1 0
88 1 16
48 1 25
91 377 2258
59 1 52
62 452 646392
6 201 182800
21 1 13
99 1 62
91 1 13
98 1 12
78 1 16
64 1 38
2 1 37
19 1 0
40 1 56
31 1 18
92 1 63
37 1 17
56 6 29
64 1 0
71 1 57
27 1 26
67 1 10
31 1 13
45 147 245117
42 1 7
84 1 45
52 218 313
51 1 11
3 1 27
68 35 114
0 113 83620
20 33 380
41 1 14
98 1 14
97 500 678664
53 7 128
40 1 32
18 1 6
70 409 788
82 1 22
92 1 53
2 1 19
15 1 52
46 1 1
3 1 38
87 1 11
46 83 1011
92 92 95
45 1 16
61 1 29
82 1 0
92 1 37
42 1 27
62 1 46
65 1 6
35 1 64
11 1 8
42 1 25
64 1 80
67 1 19
90 1 13
68 1 50
51 1 7
48 1 11
17 1 23
37 1 46
14 1 24
67 1 2
46 366 617452
61 1 52
9 1 41
55 1 4
91 1 37
31 1 50
29 1 23
95 1 14
30 1 17
23 1 59
92 1 3
86 1 49
56 1 9
3 369 8026
84 1 1
20 1 55
77 1 24
60 3 21
13 1 14
55 6 129
39 1 57
11 1 71
39 1 18
21 1 35
3 1 30
55 1 47
35 1 16
67 1 20
22 1 7
95 413 895725
88 1 20
2 1 35
99 1 31
82 479 107424
45 381 7836
69 1 8
84 1 11
39 1 36
72 1 10
36 2 12
84 1 34
57 1 17
55 1 65
12 1 2
61 1 0
0 1 38
13 1 0
60 1 12
55 1 73
55 1 72
31 1 36
95 1 23
17 1 39
82 276 2695
72 1 0
45 1 30
17 1 19
44 1 13
39 1 3
71 1 46
93 456 5353
24 201 1156
16 96 662007
16 1 16
11 1 0
84 1 41
73 2 6
86 1 9
36 1 1
17 1 26
14 255 4022
21 5 1339
84 1 4
57 1 44
87 1 24
28 1 55
64 1 21
20 1 30
43 1 1
1 189 8886
37 1 4
11 1 82
65 1 5
21 1 28
88 1 26
16 1 3
31 1 37
0 1 9
17 279 61040
14 1 3
23 1 48
68 1 41
73 312 20284
84 1 17
7 1 58
86 1 23
95 1 1
81 2 2
61 1 49
74 1 6
40 1 19
35 1 9
13 1 7
9 1 56
93 1 16
70 1 8
82 1 11
30 1 3
64 1 48
41 1 12
39 1 51
62 1 32
0 1 52
33 1 34
89 378 11077
31 1 0
55 1 41
72 1 37
58 1 12
68 1 19
88 1 25
11 1 76
57 1 29
23 1 3
76 44 918401
29 1 20
83 1 18
64 1 9
68 1 29
32 1 28
13 1 71
2 1 56
31 1 33
12 1 16
36 436 25614
88 1 50
93 433 28077
55 1 50
17 1 52
54 196 2304
47 7 143
6 1 7
91 1 1
0 1 55
32 1 38
20 1 14
36 1 4
52 1 10
50 1 10
11 1 64
2 1 55
91 1 9
61 1 41
18 1 2
70 1 60
49 1 42
68 1 38
10 1 12
21 1 14
28 1 5
39 1 67
68 1 36
11 1 13
17 1 54
42 1 64
67 1 1
64 1 39
62 1 39
3 1 23
90 1 47
45 1 19
31 45 260173
32 1 19
52 1 59
57 1 8
90 1 42
58 1 20
70 1 44
90 1 28
88 1 18
90 1 46
51 4 14
1 1 1
84 1 18
78 1 0
62 196 3369
11 1 34
66 1 5
99 1 44
20 1 18
31 1 25
2 1 59
92 1 69
80 1 6
68 1 71
91 1 11
40 1 73
78 1 2
68 1 22
53 1 14
17 1 45
54 354 6591
0 1 43
3 381 8651
15 1 2
88 1 10
71 1 24
90 1 9
61 1 28
72 1 69
40 1 49
37 1 41
74 1 37
25 1 8
62 1 12
44 1 25
88 1 11
83 453 2683
6 1 18
68 1 33
35 1 50
55 1 77
31 1 49
14 1 13
42 1 8
6 1 24
92 1 36
3 1 16
18 18 93679
12 2 19
67 1 38
49 1 13
64 1 28
57 1 3
9 1 12
52 1 41
71 103 187289
90 1 15
57 1 1
98 231 6325
80 1 43
74 1 21
39 1 30
39 1 39
74 1 64
40 1 9
83 1 13
72 1 55
28 485 53887
97 478 527385
9 1 39
49 454 151
29 1 0
80 373 87916
64 1 26
48 1 12
27 1 15
11 1 21
59 1 15
10 214 14131
4 388 934561
72 1 43
63 1 7
31 1 34
68 1 81
2 320 1858
86 125 3269
62 1 54
25 285 38835
20 1 35
29 1 16
9 1 13
54 1 0
84 1 48
92 1 43
36 1 3
6 1 21
37 1 53
70 1 58
72 1 2
60 458 25798
21 1 11
17 457 639
15 1 8
37 1 11
68 1 3
80 1 71
6 27 395
20 1 10
90 1 19
45 1 40
32 1 22
57 1 18
88 1 56
71 7 1439
50 1 1
91 1 36
44 1 4
7 453 951
40 1 25
61 1 37
6 1 5
7 137 22290
75 22 16
55 1 71
48 1 18
44 2 36
17 1 6
71 1 37
32 1 15
42 1 45
25 1 20
42 1 6
95 125 74535
31 1 1
10 117 13175
28 1 19
93 1 36
59 1 6
77 1 34
48 1 33
33 1 12
25 1 1
14 1 18
82 96 6555
31 1 62
72 1 67
53 1 20
78 1 5
40 186 5757
67 430 824
13 1 12
71 7 350175
13 1 42
64 1 50
28 1 48
64 1 63
95 1 9
51 1 0
0 313 750
84 284 78527
97 309 148
15 1 59
84 1 30
28 1 41
68 1 18
47 108 570183
74 1 55
44 1 5
84 411 263490
48 1 8
61 1 33
2 1 4
24 1 0
68 1 47
13 1 56
72 1 50
8 1 2
42 1 37
14 1 5
59 1 49
64 1 54
64 1 69
7 1 54
98 1 3
86 1 46
95 49 26371
52 1 17
35 1 40
0 1 49
41 105 1859
68 1 78
64 1 41
17 1 48
80 1 24
80 2 92
45 1 1
11 1 46
15 1 12
7 1 40
3 1 0
52 1 44
6 1 38
77 1 46
19 241 198779
12 1 11
42 1 44
57 1 30
83 1 4
48 1 24
55 1 31
42 171 388092
25 1 28
28 1 53
3 1 8
74 1 25
9 17 1527
5 1 36
62 4 71
86 1 55
48 1 22
51 1 6
7 1 77
14 1 22
80 1 48
6 1 13
77 76 8836
68 1 85
93 1 3
17 1 38
93 1 28
14 1 10
13 1 9
86 1 12
64 1 23
13 1 75
25 1 31
82 1 6
67 1 14
93 1 31
32 19 61
82 1 9
68 1 9
40 1 0
52 1 45
15 1 28
0 1 2
95 1 18
74 1 24
52 1 25
6 1 0
68 1 5
30 1 5
75 1 6
31 1 23
24 1 12
68 1 2
9 1 47
92 1 4
21 1 56
70 1 23
55 4 90
47 1 5
80 1 21
64 1 22
67 1 30
44 1 20
99 1 39
11 1 30
15 1 31
68 1 64
11 1 61
23 1 19
52 1 12
77 1 66
4 418 441137
0 1 72
5 1 27
25 1 21
9 1 27
71 1 16
74 1 56
23 1 4
9 35 5739
56 1 6
87 1 2
56 1 23
99 1 14
80 1 51
0 1 13
65 1 8
65 1 13
64 1 36
42 9 75
78 1 31
42 1 18
84 65 1924
53 1 16
92 1 29
87 1 8
23 1 17
42 1 30
31 1 32
6 2 41
48 8 37
7 1 33
40 1 15
52 1 38
59 1 19
39 1 81
32 1 14
80 1 50
59 1 28
49 1 38
74 1 71
13 1 34
13 1 4
80 1 77
16 1 28
99 1 35
48 234 50621
7 1 60
6 1 20
62 1 13
86 1 35
90 1 24
6 1 36
25 1 13
68 1 20
97 2 11
75 342 63373
21 1 61
80 1 56
1 13 24
68 1 4
86 1 32
57 1 6
55 1 38
92 1 58
55 1 79
44 1 11
95 1 16
70 1 28
95 1 28
50 160 11966
94 1 1
80 167 125780
21 2 71
42 1 1
69 1 19
52 1 49
6 72 22117
11 1 41
90 1 10
55 1 29
91 1 43
74 1 34
68 1 16
40 1 7
91 1 30
64 1 45
19 269 113942
39 1 56
33 169 30148
14 1 15
23 1 18
71 1 67
90 1 31
49 1 4
15 1 34
3 1 14
38 60 37536
82 1 21
49 1 5
63 234 953795
40 1 24
15 1 18
44 1 22
61 1 46
40 1 31
55 1 28
44 1 8
23 1 14
78 1 6
11 1 65
39 1 86
64 1 79
43 1 11
93 1 29
39 1 14
3 126 91
86 1 15
15 1 65
23 1 24
58 278 16457
37 1 7
99 274 979
6 1 29
59 1 35
80 1 91
98 397 1030
17 1 49
5 1 19
61 1 50
52 450 12358
27 1 28
64 1 37
13 1 32
86 1 40
37 1 50
61 1 22
44 1 3
62 1 35
84 156 585
87 178 75458
70 1 22
6 1 43
28 351 188286
72 1 54
88 1 48
15 1 24
40 2 76
20 1 15
55 1 68
70 1 14
0 1 34
4 117 8013
62 197 256350
59 1 26
11 1 17
32 1 29
10 2 13
65 4 123
42 1 14
46 1 3
15 1 10
75 1 8
46 1 15
34 135 1009
13 1 57
64 1 68
77 1 62
9 1 49
60 1 4
57 1 15
98 1 7
23 1 28
55 1 37
55 1 12
14 1 0
21 1 41
72 1 40
91 1 20
68 1 39
33 1 9
55 1 54
42 1 43
52 1 4
41 483 303
31 1 26
33 227 234972
90 1 30
91 1 39
66 1 2
91 1 29
22 79 152314
62 1 30
30 220 162789
49 1 36
84 1 12
64 1 3
86 2 59
52 1 53
40 1 27
97 1 5
47 176 4218
5 1 2
87 1 7
0 1 69
55 2 84
2 1 10
37 1 56
7 1 41
21 8 75
56 260 8415
28 1 46
69 4 25
80 1 86
49 310 2502
19 499 1262
24 1 8
56 1 16
77 1 35
31 89 3408
2 150 499
55 1 5
76 58 263617
13 97 501932
22 9 33792
92 1 11
12 408 159
48 1 13
93 1 48
92 1 9
59 1 38
35 1 12
14 1 42
14 1 29
26 14 12
68 256 11415
93 1 17
35 1 21
65 1 7
52 1 19
5 1 58
52 1 29
24 1 7
65 45 5057
35 1 19
55 1 23
99 1 2
92 1 21
68 1 73
64 1 61
15 1 66
11 1 10
97 1 1
77 1 23
84 1 19
69 1 1
71 1 56
34 324 130
9 310 128193
21 1 64
35 1 1
8 1 0
9 1 11
28 245 15204
72 1 72
37 1 9
28 1 56
91 1 44
7 1 39
68 1 10
74 1 47
72 1 12
5 1 8
74 1 42
20 1 37
13 190 20422
11 1 6
28 1 24
39 1 41
35 1 49
62 1 18
44 1 10
65 1 10
12 1 6
49 1 31
80 1 7
35 1 0
14 1 47
2 1 14
60 318 1061
2 1 9
26 10 39
42 1 42
0 1 36
27 1 24
83 408 99969
57 1 37
11 1 9
32 1 24
23 1 44
15 1 11
7 1 51
0 1 45
34 1 15
61 1 39
88 1 5
92 1 31
74 1 62
52 1 28
70 1 34
35 1 55
62 1 48
21 1 37
61 1 61
7 1 61
23 1 55
6 1 9
93 132 754473
93 1 40
21 1 3
15 19 80
25 1 14
11 1 60
87 6 33
58 1 6
87 1 16
71 1 22
84 1 71
0 1 23
68 1 46
7 1 16
57 1 26
2 1 28
77 1 49
27 1 4
80 454 34528
15 1 70
16 1 24
2 1 60
64 85 10479
14 1 51
12 53 102
74 1 45
39 1 23
14 1 37
87 1 18
0 1 10
69 300 96992
21 483 1587
62 1 58
80 412 388644
62 1 62
34 1 0
9 1 31
9 1 48
59 1 12
30 1 10
64 1 64
70 1 19
93 1 42
98 1 15
42 1 19
95 1 25
24 1 3
39 1 42
70 1 70
68 452 882
5 197 138951
2 1 50
71 1 49
52 1 23
7 1 1
13 1 78
11 1 11
16 1 11
74 1 51
71 1 59
53 453 57329
34 1 8
92 1 0
56 1 19
93 1 38
20 1 60
28 1 40
71 1 43
15 1 44
24 1 15
9 1 45
11 1 84
84 91 671204
17 1 33
56 1 13
68 1 11
5 312 6614
20 1 12
65 1 15
31 1 59
62 1 9
48 298 710
2 1 45
68 1 48
20 1 33
6 378 26524
68 1 26
59 1 39
52 1 47
59 1 33
55 1 8
9 1 40
6 1 25
3 1 1
2 1 1
3 67 116641
15 267 226386
39 1 49
61 1 21
88 25 131
70 1 9
9 1 0
93 1 15
13 1 23
39 1 26
58 207 252
17 1 43
70 221 1877
27 1 36
91 1 38
78 1 15
72 1 13
71 1 69
2 1 29
31 2 107
70 1 55
44 1 9
28 1 1
66 4 8
68 1 54
7 1 68
31 1 43
11 1 5
7 1 6
36 232 177
35 1 15
11 1 54
32 1 16
27 3 63
2 1 49
71 1 7
40 1 21
94 277 4222
92 1 71
90 23 95926
93 1 7
40 1 63
72 1 25
51 1 8
49 1 14
13 1 35
39 1 11
46 1 8
71 1 62
40 1 44
0 1 4
95 1 33
92 1 68
45 1 3
33 307 135585
80 1 63
78 152 39493
31 1 27
5 1 20
86 1 19
57 1 31
11 1 89
39 1 55
47 1 0
52 1 7
15 1 16
9 1 26
84 1 7
88 1 31
21 1 21
28 1 27
90 6 63
68 1 25
67 1 41
7 1 11
31 220 973152
3 1 15
70 1 53
95 70 959891
72 1 4
30 1 22
70 1 6
31 281 173636
68 1 45
59 1 1
28 1 37
68 1 74
34 81 3318
80 1 79
31 1 40
27 1 14
33 1 16
48 45 5730
56 466 814227
21 1 19
42 1 41
80 1 80
61 1 38
8 1 6
55 1 56
13 1 6
69 50 7967
60 1 8
21 270 582
36 1 9
52 460 974049
15 1 4
2 1 8
77 1 59
13 1 21
98 1 17
8 385 101151
86 1 44
17 1 14
46 1 17
16 192 5087
56 1 15
64 1 12
92 1 52
6 1 6
61 1 44
49 1 7
71 1 36
1 97 4878
41 1 19
6 262 39534
67 1 34
20 1 52
69 1 0
59 1 8
99 1 29
35 1 46
62 216 238
19 1 1
39 1 48
70 1 15
64 1 20
55 1 67
40 1 40
87 1 15
64 1 74
68 1 76
93 1 14
39 1 27
24 140 183091
33 1 22
9 1 35
36 1 14
57 210 5189
74 1 65
25 1 10
36 100 282274
59 1 9
42 1 40
31 12 93
77 1 69
2 1 16
15 1 68
40 1 67
0 1 65
48 1 23
70 1 5
91 1 28
11 1 72
98 179 63018
2 1 3
60 1 6
23 1 49
42 162 7162
33 1 23
61 1 20
93 1 8
72 1 52
82 53 25
31 1 3
28 1 0
20 1 40
30 1 13
91 1 34
55 1 17
71 1 27
51 1 3
77 1 20
21 1 20
50 291 76978
17 295 115
0 1 21
72 1 16
15 1 56
99 1 56
78 1 23
77 1 36
55 425 414064
69 30 304884
39 386 132
14 1 16
43 259 23726
70 1 52
92 1 46
93 1 51
93 1 54
92 1 13
14 1 39
20 1 66
