100 4275 1000000
0 1 34
61 1 8
88 1 7
77 1 68
79 1 19
28 1 8
18 1 34
38 1 23
38 2 70
46 1 48
21 1 31
24 1 9
11 1 39
52 1 28
95 1 54
10 1 17
67 1 16
18 1 22
9 1 7
56 1 67
39 1 7
27 1 16
73 1 31
71 1 27
3 1 29
61 1 29
79 1 8
79 484 1853
81 1 13
25 1 2
89 21901 2154
14 1 20
86 1 29
38 169 120
0 1 1
8 1 38
73 1 17
8 1 34
6 1 16
33 19753 44095
65 4 8
61 1 53
95 1 9
90 1 0
7 1 42
87 2 15
32 1 21
98 1 46
62 1 15
72 1 38
72 1 59
29 1 73
36 1 29
63 1 18
52 1 27
17 1 14
57 453 105
97 1 35
0 1 47
86 1 23
3 1 23
6 1 9
72 651048 121614
49 1784 69
12 1 25
6 1 12
26 1 32
49 1 20
30 1 7
9 1 6
36 30 61
9 1 11
88 1 0
62 1 5
79 1 24
17 1 0
50 30 8
59 1 3
51 1 15
71 1 24
57 1 20
58 1 38
49 1 3
46 1 55
35 1 33
17 1 35
56 1 61
22 238 1558
32 1 50
61 1 15
7 1 32
72 1 26
56 1 27
16 1 48
78 1 30
9 1 48
61 1 36
79 1 14
87 1 6
47 1 25
3 1 32
16 1 9
67 1 2
97 1 24
86 1 17
20 1 11
25 7 55
3 1 46
54 1 32
73 1 4
64 1 43
47 1 54
36 1 53
14 1 57
29 1 45
84 1 4
77 3 70
94 1 25
20 1 37
38 3 72
78 1 36
98 1 4
3 1 45
6 1 21
32 1 18
58 1 14
31 1 27
41 413 358
46 1 52
70 1 27
86 1 2
9 1 1
97 1 21
49 1 10
95 1 25
87 3 12
5 1 14
61 1 12
60 642614 133037
20 1 13
14 1 28
21 1 82
20 1 45
81 1 42
3 1 51
59 356032 78636
24 1 39
14 5535 126246
10 1 5
6 1 4
5 1 3
70 1 38
7 1 27
95 1 59
78 1 32
89 1 2
0 1 50
18 1 7
53 481788 369337
95 1 36
26 1 25
47 1 48
85 1 67
31 1 14
5 1 21
23 1 7
12 1 8
64 1 50
7 1 3
57 1 37
97 1 15
45 1 55
13 5 35
32 1 53
61 8 60
0 1 44
47 1 71
12 1 47
54 1 0
9 1 41
62 3 68
8 1 35
18 1 28
75 1 0
38 1 41
9 1 29
46 1 19
45 409 171
32 1 1
39 1 5
11 1 30
54 1 70
40 1 3
26 1 9
78 1 50
78 1 62
77 1 26
80 2620 12898
63 860287 22402
1 161 343
12 79 88
29 1 41
67 1 17
85 1 40
32 1 22
26 1 20
10 1 2
70 1 32
58 1 41
14 1 32
64 1 20
55 1 29
14 586 609
61 1 49
32 1 29
38 1 35
62 1 25
30 46 25
3 1 56
38 1 59
38 1 60
34 1 6
95 1 58
86 1 13
64 1 11
58 1 0
43 1 1
45 1 46
26 1 3
3 1 6
12 1 34
7 11 81
45 1 4
62 1 27
42 202 284
75 1 9
0 1 61
8 12793 1979
5 651809 319542
56 1 32
3 1 52
70 1 48
78 1 23
85 1 11
35 1 23
10 1 0
72 1 29
77 1 54
89 1 13
73 1 8
58 1 36
25 519 763
43 29 116
14 1 10
90 1 17
29 1 14
95 2161 2755
45 1 67
0 1 3
86 1 33
35 1 54
71 1 32
56 1 11
62 1 19
16 1 8
6 1 3
81 1 50
58 1 29
77 1 65
60 3 22
79 95768 38073
85 1 43
98 1 0
9 1 43
58 1 2
94 1 0
93 270 62
20 1 18
73 282522 543294
27 1 26
16 22 89
17 1 24
71 1 36
12 1 3
27 1 6
21 1 13
21 1 61
85 1 47
7 1 58
95 1 53
16 1 44
55 1 15
86 1 10
78 1 72
32 1 70
2 11429 2629
21 1 2
57 1 12
58 1 37
30 1 1
59 1 0
47 1 62
29 1 66
16 1 26
78 2 75
56 1 50
24 1 4
54 1 74
18 1 26
51 1 19
61 1 20
64 1 45
64 1 42
23 1 6
36 13989 26658
80 35 23
11 1 33
42 1 27
77 1 60
36 1 47
40 1 10
71 1 19
55 1 25
46 1 42
39 1 2
16 1 12
57 1 13
32 755 317
70 27 60
45 1 60
47 1 36
64 1 54
61 1 3
95 1 16
83 1 12
55 21 85
57 1 5
75 1 34
24 1 22
15 52081 203449
95 1 26
20 1 35
16 1 31
72 1 3
21 1 43
21 1 50
71 1 46
14 1 3
80 1 20
72 11649 67330
54 1 43
95 1 19
98 1 45
11 1 20
49 1 29
81 1 46
64 1 23
46 1 10
0 1 16
11 1 29
67 1 36
6 29 24
47 1 55
17 1 47
54 1 31
36 2 58
61 1 33
90 1 7
97 1 25
18 5089 3980
11 1 0
59 1 33
58 1 48
21 1 55
70 1 8
13 1 26
17 1 16
21 1 17
86 36 64
18 1 38
0 1 13
38 1 30
46 1 31
81 343 381
13 1 15
2 1 10
85 1 22
8 1 25
60 1 2
42 1 26
65 1 3
59 6027 43604
32 1 37
77 1 9
64 1 68
72 1 28
36 1 41
43 1 25
17 1 8
0 1 29
82 1 4
45 1 33
53 1 2
29 1 75
9 1 40
62 1 43
95 1 43
3 1 31
26 1 4
43 1 15
86 1 3
31 1 37
36 1 54
55 1 16
8 1 21
56 1 24
81 1 37
26 21 36
2 1 12
36 1 57
54 1 69
0 71510 3551
80 1 22
38 1 12
38 1919 330
11 1 1
30 208 1830
35 1 55
97 641 160
91 1 66
18 1 30
62 1 32
62 1 28
68 1 0
76 19981 10129
54 1 5
43 28 43
67 1 58
17 1 1
1 1 2
68 29532 163640
78 12820 69438
17 1 11
45 1 66
4 1 1
75 1 21
38 1 3
95 1 48
78 1 69
12 1 14
7 1 57
67 1 40
71 1 9
35 182 229
14 1 14
59 9 41
8 1 12
81 1 45
44 909 451
63 1 46
91 1 19
81 1 47
43 1 36
21 1 66
94 1 4
4 1 7
32 1 48
58 1 22
51 1 10
43 1 20
36 1 16
32 1 5
38 1 19
72 1 25
71 1 12
64 1 2
35 1 17
83 1 1
84 1 11
78 1 70
20 1 50
56 1 19
36 1 5
91 1 5
41 2624 6433
67 1 29
61 608433 188797
44 61294 7489
24 1 21
17 1 40
51 1 20
75 1 25
18 1 43
36 1 21
13 1 29
54 1 75
12 1 36
60 19 25
28 133 453
35 1 48
54 1 54
70 1 28
81 1 15
86 675731 81976
32 1 35
19 545911 297934
24 1 44
47 1 24
31 80 43
44 372188 546847
73 1 29
98 1 47
63 1 50
50 1 4
54 1 63
81 1 34
77 1 25
66 1 12
47 1 50
4 1 13
75 1 32
5 1 17
71 168766 40673
73 1 33
85 1 24
78 1 71
59 1 28
54 1 56
31 1 16
94 1 17
9 1 13
67 1 64
14 1 6
12 1 23
38 1 1
64 1 21
83 1 4
97 1 19
91 1 2
47 273 133
38 1 31
57 1 2
47 1 64
63 1 5
47 1 44
35 1 13
11 1 31
12 1 44
78 1 46
29 1 12
58 1 49
12 1 33
67 1 34
91 1 52
38 1 11
94 1 14
97 1 4
81 1 28
32 1 60
52 1 30
54 1 28
87 3 8
70 1 15
62 1 0
86 1 34
52 1 11
81 1 25
55 32734 17599
81 1 0
29 1 40
15 9 352
46 1 46
45 1 49
53 1 0
24 223 109
98 1 23
43 1 7
54 1 29
22 718 92
8 1 6
20 1 25
13 1 9
35 1 34
89 1 3
35 1 12
61 1 22
55 6 33
47 1 43
13 1 1
77 1 42
77 1 4
67 1 49
0 1 19
49 1 32
24 773336 84354
77 715669 204365
61 1 5
12 1 17
57 1 29
91 1 41
75 120269 549500
29 1 53
97 1 17
30 1 4
21 1 14
77 1 43
3 3110 1319
95 1 27
70 1 43
21 1 1
89 736413 124410
80 1 9
63 1 44
5 1 20
9 4 55
16 1 13
72 1 16
32 895 1347
91 1 9
48 2430 4767
4 1 9
51 1 6
61 1 34
7 1 21
89 1 12
59 1 4
38 1 61
55 1 10
4 1 5
42 1 23
75 1 22
77 1 0
67 1 37
8 1 16
32 1 39
5 1 22
21 1 15
55 1 2
54 1 48
45 1 9
6 1 20
12 1 43
55 1 31
82 1 3
6 1 14
98 1 2
90 280383 207034
67 1 63
44 126 80
0 1 45
3 1 9
72 1 7
70 5 55
85 1 55
64 1 63
56 1 79
66 1 45
38 1 8
45 1 36
21 1 8
88 1 2
7 1 45
33 1 9
63 1 23
47 1 2
11 1 22
2 1 0
54 1 46
94 1 8
56 1 28
98 1 48
43 200 553
61 1 9
97 1 40
11 1 15
64 1 19
62 1 23
13 1 6
18 1 25
71 1 30
54 1 64
86 2915 25222
71 1 14
38 1 57
95 1 17
47 1 8
11 1 40
14 1 37
91 1 4
78 1 61
56 1 60
29 1 48
3 13841 26069
43 275 4169
71 1 43
12 1 46
29 17716 2939
82 1 24
27 1 32
73 1 25
29 1 44
7 1 38
57 18 41
2 1 17
7 1 22
22 2 20
57 1 9
4 1 3
66 1 9
15 1 19
35 1 26
77 1 31
66 1 29
16 1 30
63 1 31
95 1 34
86 1 35
85 1 46
91 1 24
10 1 9
45 1 18
21 113 92
67 1 22
43 1 12
59 1 17
10 3 25
43 1 31
29 1 10
32 1 62
35 1 45
21 1 63
32 1 38
10 1 14
59 1 8
51 1 13
49 1 23
42 20770 8815
71 1 35
80 13 90
56 147663 261431
10 1 1
4 1 20
13 1 7
3 772 261
5 1 15
46 1 20
31 1 9
94 346 91020
3 1 5
83 1 14
18 1 21
71 1 28
86 620 218
10 58 28
70 1 2
26 1 8
31 1 1
11 1 4
67 1 33
17 271 1676
95 1 18
13 56 80
40 1 2
57 1 0
70 1 25
78 526 189
95 1 14
97 1 36
14 1 22
8 1 8
17 1 20
6 1 18
40 16788 492
52 1 34
14 1 17
46 1 3
91 1 11
79 1 9
8 1 28
9 1 35
46 1 16
20 1 36
57 1 26
12 1 5
46 1 6
70 1 30
95 1 12
47 1 52
11 1 32
7 2 71
13 1 14
57 1 18
21 1 42
45 1 24
36 1 17
6 1 2
44 5 6
54 1 52
45 1 45
66 1 39
64 1 66
24 1 12
73 1 0
73 2 51
46 1 40
59 1 14
56 1 45
5 76 635
58 1 54
81 1 49
71 1 44
73 1 11
7 451 412
56 1 39
14 1 4
62 1 14
80 1 15
43 1 13
73 1 16
43 1 2
73 1 20
83 1 3
29 1 74
67 1 44
31 1 11
63 1 36
32 1 73
77 1 37
38 1 48
86 1 12
59 1 1
4 1 4
27 1 1
79 3 29
3 1 36
28 1 2
56 1 69
18 1 16
8 34 180
61 1 39
52 1 19
85 1 10
62 1 39
45 7 80
20 10 58
5 1 7
64 1 26
32 1 16
72 1 27
31 1 2
38 1 9
80 1 5
78 1 11
5 1 1
0 1 32
52 8 45
3 1 37
77 1 16
53 1 6
78 76577 93400
3 1 49
97 1 33
45 1 5
84 1 1
22 1 9
33 1 1
63 1 6
67 1 0
67 1 52
1 1 4
81 1 9
4 2777 1459
42 255 491
9 1 19
89 1 14
22 1 5
73 1 27
47 1 31
24 285 442
66 1 43
46 1 24
7 1 1
91 1605 6279
43 1 18
78 1 56
38 1 17
48 28018 61428
14 1 49
36 1 39
46 1 54
3 1 16
29 1 90
72 1 40
67 1 6
55 1 26
9 1 45
78 1 10
82 1 22
62 2 48
91 1 53
0 21 116
95 1 13
97 1 50
32 1 42
75 12 56
46 1 0
98 1 28
12 1 6
50 1 2
45 1 58
3 1 50
38 1 21
48 32312 15788
79 1 0
26 1 18
81 1 44
12 1 20
78 1 29
0 1 51
11 1 13
45 1 28
16 1 46
85 1 32
12 1 13
27 1 20
14 1 15
66 1 40
49 1 16
32 1 26
2 1 6
98 1 26
20 1 48
71 1 6
98 1 31
97 1 48
11 1 21
61 1 6
36 1 31
14 1 26
47 2 76
40 49 432
35 1 9
60 1 19
9 1 4
85 1 7
46 1 57
21 1 29
47 128355 95387
0 1 11
0 1 41
39 1 3
17 1 52
5 1 23
46 1 8
95 1 15
32 1 20
87 1463 331
35 1 0
61 1954 3668
0 1 58
17 1 32
17 1 55
42 1 7
18 1 17
40 1 15
7 1 6
57 1 14
54 1 30
58 1 25
97 1 18
55 1 6
16 1 25
78 1 0
85 1 26
47 1 67
8 1 4
71 1 8
75 1 35
49 1 21
42 1 11
56 1 18
98 1 8
56 1 68
72 1 44
41 29 11
28 1 16
20 1 46
38 1 63
78 1 34
35 1 4
50 1 1
22 1 17
18 1 40
35 1 15
63 12342 6157
10 1 12
17 1 3
12 1 11
34 1 5
83 179995 104523
29 1 47
45 1 30
15 1 1
77 1 15
93 1 1
29 1 69
59 1 32
91 1 27
17 1 4
38 1 46
22 1 16
78 1 40
77 2 77
91 1 37
64 1 32
24 1 8
73 1 18
62 1 12
97 1 29
36 1 14
91 1 1
53 3009 1661
98 1 29
78 1 3
54 1 18
28 185 54
98 1 42
55 1 11
14 1 50
77 1 3
78 81 1312
32 1 31
38 1 27
14 1 16
98 1 16
68 65 12
32 1 23
3 1 34
70 1 1
55 1 3
81 1 5
91 1 58
16 33057 709045
29 1 4
81 1 16
23 1 4
98 1 14
12 1 41
86 2803 15488
85 42791 13765
0 1 2
26 1 24
20 1 26
54 1 45
32 1 24
9 1 31
45 1 57
7 1 37
62 1 4
9 1 16
56 1 51
46 1 25
64 1 10
8 1 10
82 1 13
8 1 17
29 1 72
58 1 31
11 1 18
98 1 30
73 1 2
18 1 27
56 1 22
63 1 42
91 1 29
59 1 31
24 1 6
71 1 22
67 1 51
56 1 74
75 90426 21019
20 1 28
36 1 51
56 1 43
56 1 4
56 1 13
97 1 16
4 1 22
61 1 23
12 1 40
12 16525 146757
17 1 15
11 1 2
73 1 34
2 1 16
86 1 18
51 1 0
67 1 65
58 1 20
42 1 15
82 1 11
70 1 24
9 1 34
0 1 54
39 1 1
13 1 21
65 1 1
17 1 36
16 1 1
29 1 71
0 1 24
61 1 1
27 1 21
77 1 6
7 1 25
64 1 7
17 1 6
78 1 26
78 1 33
72 1 33
63 1 7
91 1 18
95 1 47
15 1 18
17 1 9
61 1 51
61 2 56
32 207188 6445
29 1 24
7 612474 150796
49 1 8
86 1 8
86 1 4
61 1 44
21 1 36
7 1 11
60 1 20
81 1 23
7 1 5
54 1 68
11 227168 54388
97 1 37
42 1 5
41 117 1442
81 1 4
52 1 18
67 1 69
27 1 29
50 26928 6559
72 1 2
54 1 72
4 1 14
55 1 30
95 5 67
63 1 43
82 1 18
4 1 10
14 1 47
35 1 27
39 7328 707
8 1 11
29 1 46
80 754604 129908
85 1 25
66 1 34
11 1 27
29 1 57
50 1 3
95 921 1019
64 3564 4504
94 1 18
35 1 41
98 1 18
8 1 13
41 1 2
70 1962 207
7 1 41
6 1 17
27 1 33
78 1 22
45 1 51
45 1 54
67 1 4
64 1 52
20 1 19
38 45762 46684
75 1 14
16 1 5
26 1 5
31 1 0
85 1 23
0 1 12
77 1 51
95 1 5
82 1 12
11 1 35
8 1 23
38 1 69
38 1 28
9 1 47
47 1 19
45 1 43
24 1 37
20 1 51
18 1 0
25 1 4
59 1 9
85 1 30
47 1 59
55 1 17
63 1 3
10 1 8
32 1 28
81 1 40
72 1 4
85 1 13
10 1 3
55 18 62
81 1 31
77 1 48
95 1 7
31 1 22
14 1 54
89 178 32
87 148 43
45 1 44
11 1 5
45 1 10
49 1 5
11 427 272
67 1 35
70 1 16
46 1 47
27 1 30
45 1 48
27 1 24
36 1 43
36 1 3
16 1 47
78 1 8
17 1 21
0 1 43
2 8 49
58 1 56
60 58 114
56 1 12
3 1 26
9 1 30
46 1 29
31 1 18
78 1 19
65 340300 569041
22 1 14
21 1 51
7 1 47
27 1 25
16 1 28
23 1 13
57 1 19
62 1 37
81 143942 10885
8 1 42
90 1 1
17 1 42
14 1 33
94 10 33
33 1 0
20 1 22
1 3 6
8 1 0
17 1 41
91 1 0
85 1 44
71 1 25
81 2020 764
36 109 1167
62 64 73
39 1 0
46 1 37
58 1 12
43 1 32
55 1 21
81 1 2
41 1 4
62 1 11
95 2 65
35 1 31
29 1 62
8 1 30
61 1 38
79 1 12
15 1 16
79 620 41
33 62 33
60 1 11
86 1 30
34 1 3
58 1 23
45 1 23
91 1 59
98 1 17
32 1 61
38 1 62
15 1 10
40 1 11
43 1 23
36 1 12
60 567 2482
27 1 31
39 5 9
87 1 0
95 1 61
38 1 33
3 1 13
78 1 27
64 4 99
18 1 5
38 1 36
54 1 23
3 1 1
47 1 65
38 1 16
77 1 35
88 300 4374
58 1 44
20 1 44
32 1 33
54 1 15
52 1 26
8 1 27
58 13 68
17 1 23
47 1 66
3 1 30
66 1 0
24 1 20
24 1 13
14 1 35
31 1 23
29 1 26
85 1 1
66 1 27
38 1 6
0 1 5
71 1 26
91 1 7
86 1 21
40 1 16
52 1 37
13 1 5
68 1202 790
67 1 56
70 1 20
32 1 0
62 1 29
75 1 19
95 1 0
41 403004 49540
7 1 4
18 82 50
75 1 20
83 6 27
73 168232 126010
46 1 23
80 1 18
17 66 564
45 1 15
57 1 21
11 1 6
97 1 7
97 3 146
60 1 8
86 1 22
22 1 0
35 1 14
0 1 35
90 1 11
7 1 53
98 1 39
3 1 48
67 1 55
79 1 16
72 1 60
26 1 21
78 1 42
17 1 37
11 1 45
52 1 5
66 1 24
38 1 39
73 1 38
11 1 3
52 1 15
49 1 1
12 1 37
63 1 22
12 1 48
52 1 39
98 1 38
32 1 52
31 1 20
0 1 17
34 1349 1319
90 1 21
27 1 14
16 1 10
91 1 20
63 1 34
66 1 11
36 1 7
32 1 68
29 1 17
64 1 39
36 1 49
80 1 13
66 1 33
29 1 43
2 1 1
3 1 57
16 1 16
32 1 2
12 12 49
72 1 52
58 1 9
47 1 37
46 1 60
52 29557 16282
0 1 8
59 1 35
89 1 15
56 1 1
99 1 0
71 1 40
40 1 4
52 1 16
67 1 23
8 1 41
91 1 30
47 1 20
70 1 5
0 471 657
14 1 36
38 58180 107367
29 1 54
31 1 4
75 1 17
13 120 159
56 1 26
87 1 3
99 2 4
57 1 11
62 1 7
68 195 264
77 1 67
67 1 8
63 1 37
9 1 39
46 1 32
26 1 12
84 107716 732
81 1 7
38 1 24
87 24016 4771
56 1 17
97 76 67
66 1 15
8 1 33
72 1 46
63 1 1
20 1 33
46 1 30
57 1 31
78 82 89
50 1 0
3 1 41
47 1 34
62 1 22
0 1 53
95 1 21
45 1 40
23 4654 1541
3 10 75
90 1 13
65 535 214
8 1 36
54 1 33
58 1 10
85 1 28
47 7564 35645
27 1 43
78 1 1
5 1 10
6 284 2258
39 1 8
32 1 64
47 1 51
71 1 47
45 1 52
63 1 0
15 8 41
20 1 31
42 1 14
70 1 9
36 1 44
77 1 28
59 1 26
90 1 22
60 1 0
35 1 5
49 8380 10186
48 35877 778006
29 1 31
11 1 10
61 1 11
56 1 62
24 14301 1156
91 1 33
78 1 51
21 1 58
78 28053 18162
46 1 35
21 1 39
40 29 23
54 1 39
77 1 29
56 1 5
89 625 438
63 1 35
11 1 11
12 61392 900616
72 1 35
22 1 13
80 1 2
56 1 76
66 1 31
40 1 9
91 1 6
31 541 292
56 1 73
42 1 20
16 1 14
21 1 33
46 1 58
56 1 29
47 1 16
64 1 13
97 1 41
5 66 399
72 1 47
91 1 8
43 1 4
62 1 44
35 1 44
80 1 6
58 1 16
24 1 36
28 1 18
67 1 1
85 1 53
20 1 40
66 1 2
20 1 27
8 1 32
20 1 39
54 1 60
12 1 27
54 1 42
29 1 61
62 2993 3174
35 1 3
5 207767 740
85 1 4
4 1 8
18 1 45
47 2 81
18 1 12
39 16 89
60 1 6
47 1 30
70 1 44
17 10 59
31 1 28
62 1 21
2 1 18
94 912 8046
70 1 14
77 1 52
21 1 22
56 1 71
71 1 29
84 33 31
7 1 54
57 1 22
4 5 23
14 1 44
32 1 59
33 84 1889
66 1 1
47 1 11
9 1 32
51 1 1
73 1 26
85 1 18
62 1 36
55 1 23
45 1 0
90 1 16
46 1 36
58 1 6
62 468727 484449
2 1 15
20 1 2
0 1 20
23 1 1
12 1 21
3 1 0
25 20 10
10 6102 9819
91 1 45
63 1 47
83 1 5
97 1 10
12 38062 9625
3 1 14
52 31713 54517
59 1 27
16 10004 300
24 1 26
70 1 45
72 1 34
27 1 17
45 1 47
54 1 25
56 1 8
60 16 76
35 1 8
57 1 3
8 1 26
20 1 41
54 39373 876304
22 2 54
29 171 215
71 1 10
58 1 60
47 1 73
0 5 67
14 28430 27639
11 495 8532
30 1 6
85 1 37
54 1 26
51 1 7
29 1 19
7 442 5481
20 1 43
79 1 18
49 1 2
32 1 45
13 1 18
18 1 4
67 58 635
86 4405 4968
28 1 7
57 1 10
75 1 2
38 1 52
54 1 2
56 1 7
45 1 39
24 1 30
47 1 49
13 1 10
43 1 0
29 1 22
21 1 3
16 1 17
15 30 69
72 11283 2851
38 1 38
75 5771 3079
16 67517 21715
29 1 34
21 1 62
56 1 25
58 1 35
7 1 7
9 3 52
97 9165 969
73 4 41
61 1 25
78 1 60
33 1 8
2 1 4
11 1 41
91 1 62
49 1 11
35 1 30
14 1 18
42 1 9
12 1 45
71 1 2
47 1 56
27 1 35
17 1 30
59 61 1431
67 1 3
17 1 18
70 1 3
83 1 6
20 1 14
32 9 77
67 1 20
85 1 3
12 1 42
72 1 1
89 1 23
17 1 39
57 1 15
10 1 6
65 42 105
82 1 26
32 1 15
31 1 30
8 23 46
7 10535 16928
78 1 21
90 1 20
49 1 36
28 4 20
66 1 14
81 604194 230123
61 1 41
73 1 30
36 1 11
98 1 43
73 526 1626
94 1 16
45 1 32
8 1 5
21 1 46
89 1 24
20 1 34
80 1 11
24 1 18
95 1 23
77 1 50
6 1413 285
0 1 0
4 1 0
66 1 44
16 1 32
15 1 3
60 51 239
27 1 10
94 65262 309364
16 1 40
36 1 34
13 1 3
29 1 33
56 1 33
21 1 67
88 1 3
78 1 57
60 1 9
27 1 12
2 1 13
32 1 56
31 1 34
69 189659 38496
75 1 31
70 1 37
7 3 62
15 1 0
50 1653 355
77 1 19
99 1 2
2 1 9
45 1 8
71 15845 2567
46 1 17
81 1 43
1 5089 1941
20 1 49
35 1 16
14 63572 143062
39 1 6
58 1 55
9 1 14
27 1 28
86 38415 33973
29 1 20
91 1 46
98 1 34
85 1 72
7 1 29
89 1 7
97 1 30
77 5124 21966
95 1 6
80 1 16
47 1 41
5 1 11
85 1 48
72 1 45
29 1 56
22 1 6
99 1 1
6 1 8
36 1 60
78 1 24
91 1 56
73 1 1
67 1 46
47 1 29
62 1 2
71 1 34
38 1 49
31 1 36
78 1 73
62 1 20
38 1 10
8 1 7
42 23 32
94 1 19
82 1 25
35 1 1
55 1 13
88 1 12
35 1 2
14 1 21
85 1 33
43 1 17
34 1 2
64 1 17
16 1 20
77 1 34
95 1 45
32 1 30
45 1 62
64 1 28
12 1 15
98 1 3
58 1 15
49 3 40
36 1 25
63 1 33
64 1 12
83 1 13
14 1 31
14 1 27
3 4 68
98 1 10
20 1 42
51 1 4
59 1 5
55 1 19
77 1 49
71 1 13
38 1 18
8 1 18
42 1 13
67 1 18
49 1 26
72 1 12
46 96737 3377
90 1 15
85 303 87
8 1 37
71 1 7
78 1 20
22 1 3
8 1 3
11 1 43
85 1 2
14 1 39
40 1 18
58 1 45
52 2971 1268
59 1 24
58 3518 1691
28 500694 203001
32 1 13
48 38393 131510
49 1 6
77 1 66
14 1 11
32 1 43
91 1 26
54 1 14
70 1 49
45 1 12
6 77 190
39 443 10247
91 1 16
7 1 24
89 1 10
63 1 19
58 1 58
67 1 24
24 4 47
77 1 55
91 1 51
46 1 11
7 1 33
42 1 10
72 1 19
13 512445 198125
24 1 16
40 1 21
11 1 14
75 1 18
11 1 25
12 1 4
68 1 1
49 1 4
47 1 6
42 1 30
32 1 19
44 11 20
36 1 10
47 1 0
45 98 1077
43 1 6
0 1 57
46 1 1
81 1 14
86 1 27
61 1 54
14 1 52
32 1 65
76 37532 33615
0 1 36
71 1 3
20 16881 20317
52 1 8
1 322322 261760
5 1 9
27 1 11
75 1 3
85 1 31
25 1 0
54 1 21
52 1 22
20 794 97
28 1 15
57 28 74
95 1 31
24 1 34
67 1 30
71 1 52
23 1 3
91 3686 10028
54 1 10
91 1 44
63 1 40
77 1 45
0 1 23
2 19 73455
14 2 60
43 1 3
91 1 25
3 1 3
54 1 53
43 1 28
51 1 8
43 1 26
9 1 28
78 1 18
46 1 12
71 1 41
29 1 51
32 1 51
67 1 32
67 1 5
54 1 7
10 4206 128
27 1 13
61 1 32
63 1 11
78 1 52
56 1 37
99 7 52
27 1 23
77 1 53
70 1 11
16 4 69
13 29924 61817
36 1 15
41 24 49
78 1 53
64 3405 927
4 95 121
89 1 16
9 256110 114227
67 1 7
2 1 11
63 1 15
15 1 9
16 1 34
98 2 50
27 1 3
17 1 44
58 1 3
27 1 27
0 1 4
84 1 10
81 1 36
63 131 215
5 1 12
17 1 26
86 1 32
77 1 58
77 1 12
66 1 32
35 1 21
46 1 39
36 1 36
0 9 160
10 1 19
70 1 31
12 1 28
21 1 41
20 1 8
11 1 38
38 1 5
11 1 9
7 1 39
20 1 47
16 1 49
73 483 337
59 1 12
86 1 0
23 14 26
33 65531 87411
72 1 49
0 1 39
26 1 15
88 1 10
85 819 1183
0 1 49
93 1 2
62 1 9
77 1 69
62 1 10
45 1 1
13 11 40
32 91 110
80 225 106
49 146306 32296
56 1 34
36 1 56
7 1 56
47 1 63
53 1 1
64 1 34
63 1 30
61 1 28
97 1 14
94 6887 899
29 1 11
91 1 31
59 1 13
66 1 3
2 1 21
10 1 18
88 1 8
21 1 59
52 1 21
28 1 13
96 98557 50893
15 1 13
64 1 65
49 1 35
61 1 48
71 1 55
10 21 90
13 1 11
97 1 9
72 1 57
26 1 17
41 1 0
18 1 41
12 1 22
0 1 18
20 1 10
90 1 12
35 1 43
56 1 78
4 733 220
43 1 8
26 1 6
61 1 47
8 1 40
85 1 52
97 1 13
56 1 48
72 1 53
57 1 28
17 1 27
12 1 26
45 1 50
54 1 27
47 1 28
29 1 58
32 1 44
7 1 30
73 1 23
20 1 4
71 1 33
7 1 14
21 1 10
0 1 27
81 1 48
70 1 26
79 1 4
91 1 14
57 1 25
31 1 24
3 1 11
9 1 18
97 14657 31067
97 5 52
25 8746 1733
24 1 1
5 1 8
32 1 46
79 1 13
18 26 233967
15 1 54
21 1 60
59 1 2
58 1 5
82 1 17
81 1 10
29 1 28
7 1 36
95 1 42
49 1 24
83 2 16
58 1 30
65 1 6
70 1 33
73 1 36
62 1 33
50 991 2489
81 1 33
32 1 10
3 1 21
32 1 25
98 1 15
7 1 15
59 1 7
13 1 4
78 1 59
18 1 32
46 1 18
94 10 55
25 1 3
47 1 39
3 1 60
90 2 23
82 1 7
9 1 22
85 1 17
86 1 24
70 1 10
36 1 52
40 1 14
29 6 79
54 1 44
61 1 27
36 1 22
14 1 5
75 6 37
66 37042 61166
59 1 11
88 3063 47
86 1 5
47 1 18
90 8707 355
97 1 1
14 13810 5466
6 17 142
90 1 4
7 1 50
18 1 35
35 1 22
42 1 6
31 1 13
86 1 28
89 1 5
29 1 60
66 1 10
35 1 32
78 1 25
43 1 37
46 1 59
46 1 9
46 1 49
85 1 39
78 1 9
13 1 30
12 1 32
63 1 49
57 1 24
77 1 64
35 1 18
73 1 5
29 1 30
14 1 51
77 1 10
98 1 37
94 1 2
46 1 22
24 1 15
5 1 13
3 1 38
62 1 30
81 1 27
50 1808 4197
52 1 32
47 3 78
22 27 22
78 1 35
32 1 75
7 1 28
86 1 20
59 1 6
43 1 11
98 645920 18116
82 1 32
91 1 49
66 1 30
95 1 20
46 72 116
26 1 31
52 1 4
41 1 3
30 62746 2260
12 1 19
29 1 29
77 1 59
71 1 37
21 1 20
66 197742 789013
20 1 32
18 1 46
83 229 156
82 1 21
85 1 19
21 1 28
36 1 13
53 1 5
0 296 190
67 1 67
77 1 17
24 1 31
32 1 27
9 1 15
29 1 38
9 1 5
46 1 26
35 976 718
56 1 31
52 1 9
54 1 16
97 1 3
81 1 29
42 1 28
95 1 50
91 1 34
11 1 47
36 1 38
77 1 40
54 1 12
6 1 1
91 1 42
49 2 38
67 1 62
30 1 3
86 1 19
91 1 17
0 1 56
36 1 28
98 1 44
3 1 15
43 1 16
80 1 17
81 1 1
15 1 8
14 1 2
13 1 19
59 1 30
60 1 16
21 1 4
93 321 545
73 53 101
7 1 40
62 1 31
35 1 59
82 1 16
18 2158 224
65 1 4
67 1 68
52 1 10
62 1 42
24 1 43
18 1 19
87 1 1
62 1054 982
85 1 15
9 1 2
10 1 10
27 5 62
51 1 17
71 806 62
82 49 100
91 1 43
98 1 112
12 1 39
36 1 6
21 1 48
46 1 62
63 1 28
66 1 28
72 1 37
24 1 19
30 192 77
64 1 69
54 1 37
16 48 115
80 1 1
35 1 25
89 1 4
9 1 42
45 1 21
10 1 7
55 1 0
97 1 2
26 1 28
43 1 39
24 1 24
15 1 17
13 1 27
82 1 6
27 40 123
59 1 37
18 1 18
3 1 20
56 4 82
80 1 12
32 1 34
14 1 34
45 1 37
46 1 61
33 1 6
95 1 28
35 1 11
85 1 21
7 1 31
14 1 55
4 6 30
77 1 61
36 84108 43682
73 1 10
24 1 45
38 1 58
64 1 72
53 3 7
78 1 28
11 1 49
9 1 50
14 1 9
70 1770 6530
77 1 56
82 285024 645590
58 1 50
82 1 5
47 1 33
49 1 13
10 1 4
54 8403 1762
93 1 4
32 521109 246342
32 1 32
53 7 12
29 1 13
29 1 55
67 1 9
90 24 29
91 466 398
9 1 25
63 1 14
43 23703 162314
17 1 29
94 1 6
72 1 17
91 162 91
36 1 8
64 1 41
9 7 63
64 1 74
59 1 19
72 1 22
41 1 1
3 1 10
54 1 76
91 2 72
61 1 2
13 1 8
67 1 31
9 1 37
86 1 15
7 1 51
7 1 55
97 1 38
13 1 13
21 1 26
27 1 18
7 1 17
22 1 8
80 89 459
27 1 34
84 1 3
40 1 5
55 1 27
59 14 75
61 1 26
6 1 22
56 55235 107621
57 1 1
35 1 49
43 1 9
59 1 10
28 2800 165992
85 1 51
95 1 33
58 1 7
70 1 0
75 1 16
40 1 19
62 1 24
47 1 23
33 1 5
55 1 22
42 1 4
32 1 71
98 1 41
57 185598 724677
36 1 48
42 1 8
61 1 18
9 1 8
77 1 41
58 1 42
61 1 16
7 1 2
36 1 40
16 1 37
21 1 37
41 36 108
46 15136 424576
99 108576 789584
77 1 11
70 1 29
56 1 14
78 1 54
33 1 14
82 1 14
27 25286 69682
58 1 32
60 1 3
43 89516 17938
66 1 41
57 1440 792
46 1 13
43 1 29
60 1 12
66 1 19
62 524 225
9 1 38
21 1 9
77 1 47
78 1 2
54 1 55
86 1 37
29 1 7
17 651879 89473
4 302041 320629
61 14 80
94 1 12
82 1 34
65 1 5
26 1 16
83 1 8
55 1 20
59 1 16
89 1 17
27 1 7
27 1 15
73 1 24
15 30206 8608
56 1 23
72 1 48
1 1 0
26 173482 7780
91 1 69
14 1 13
70 1 40
51 1 11
91 1 65
45 1 16
91 1 60
72 1 11
78 1 45
15 1 12
46 1 14
90 1 19
29 1 52
67 1 45
52 1 24
58 1 53
85 1 34
79 1 17
91 1 61
13 1 25
56 1 30
57 1 7
16 1 19
31 3 38
9 1 26
4 1 17
38 1 4
29 1 0
29 327831 63848
44 1 0
16 1 39
52 1 2
81 1 53
75 1 15
63 1 10
72 1 51
47 1 74
20 1 9
61 1 30
26 1 2
38 3 66
70 1 36
9 1 17
38 1 55
61 1 40
28 1 19
45 1 56
68 121214 33180
21 1 35
64 1 22
58 1 21
5 1 2
47 1 45
91 2 75
20 1 7
8 1 43
45 1 61
9 1 24
98 1 7
64 1 38
52 1 6
37 6390 71848
43 6625 5174
25 1 1
95 1 40
52 1 23
56 1 21
80 1 0
49 1 14
28 1 11
67 1 12
56 1 0
85 1 14
82 1 33
16 1 23
46 1 56
96 5944 12459
31 1 33
24 1 29
35 1 38
89 1 9
71 1 50
58 1 4
9 1 44
87 598033 173381
72 1 5
54 1 59
82 1 15
56 1 59
4 117 6420
6 6 117
26 1 0
85 1 36
54 1 77
49 1 27
31 6 204
9 1 3
60 1 1
61 1 7
47 1 40
12 1 38
64 1 58
85 1439 5319
98 1 6
7 1 23
61 1 19
45 1 35
72 1 32
52 3 42
70 1 39
85 1 56
88 27703 5735
80 1 10
21 1 21
72 1 18
62 1 26
36 1 1
46 1 27
32 1 55
99 83 68
32 1 12
61 1 24
82 1 19
80 1 4
16 1 6
14 1 63
18 1 33
65 6550 1439
3 1 55
47 1 1
56 1 41
88 1 1
13 1 17
20 1 17
38 1 43
3 1 7
6 1 15
82 1 28
38 1 51
90 1 2
35 1 46
24 1 14
91 1 15
89 8317 42462
73 1 12
64 1 4
97 1 0
36 1 33
67 1 26
58 1 13
57 1 23
52 1 25
78 1 47
35 375921 117987
10 23856 29922
81 2626 5645
61 1 43
83 2 20
49 1 17
14 1 0
3 1 8
62 1 45
52 20 91
75 1 13
81 1 24
94 1 3
17 1 31
12 1 16
29 1 39
28 1 17
15 1 11
49 1 15
95 1 51
85 1 0
5 1 6
94 1 27
4 1 12
95 110932 111467
55 1 4
63 1 41
68 2 4
85 1 54
18 1 11
56 1 52
58 1 11
17 1 25
57 1 39
12 1 7
54 1 22
20 1 29
23 1 2
57 1 35
63 1 48
54 1 61
78 1 41
95 1 39
29 1 25
31 1 7
32 1 57
43 1 14
82 338236 3662
24 1 42
18 1 39
43 1 34
53 36 106
23 1 0
81 1 8
56 1 56
83 1 15
78 1 15
38 7 103
77 1 57
38 1 29
26 1 7
0 1 40
85 1 41
61 1 10
77 1 13
57 1 38
83 99 33
70 1 35
47 1 3
54 1 80
35 1 20
82 1 9
97 1 20
32 1 72
16 1 24
13 2050 572
78 1 6
21 1 25
13 1 24
63 1 12
20 1 0
22 2683 9589
71 1 39
97 1 5
77 1 46
45 1 64
78 1 65
84 55 175
18 1 24
7 1 49
18 1 20
55 2916 2867
54 1 58
79 1 20
40 1 1
6 1 10
52 157 209
83 1 10
47 1 9
21 1 19
14 1 29
90 4 25
36 1 46
46 1 34
56 1 6
77 551 3604
11 1 26
47 1 4
24 26946 37200
64 1 51
3 13604 9010
3 1 2
7 1 61
3 1 59
64 1 31
98 1 12
64 1 59
43 1 22
18 1 9
46 1 7
64 1 27
17 1 33
18 1 13
58 1 18
8 1 9
73 1 19
34 1 0
21 1 5
49 1 19
32 1 67
63 8 54
94 1 11
60 1 17
36 1 26
95 1 10
35 1 52
54 1 66
86 1 14
78 5 80
36 1 20
7 1 46
21 1 16
12 1 24
64 1 53
14 1 19
50 192 71
15 1 4
67 1 47
23 831 20494
33 1 7
34 1 1
72 1 43
78 1 39
9 1 12
90 1 10
43 1 33
77 1 5
62 1 38
86 1 11
23 2 10
8 1 29
72 1 24
56 1 58
64 1 3
77 1 39
95 1 11
55 1 1
70 1 50
85 1 20
56 1 81
71 3 57
75 318 525
40 1 0
85 1 5
31 1 21
3 1 40
47 1 27
26 2337 4030
26 1 30
49 1 31
7 1 43
98 1 11
57 1 27
71 1 23
38 1 37
12 1 30
3 1 44
2 1 14
24 1 32
16 2137 14046
11 1 12
45 1 7
36 1 23
60 1 5
71 1 5
67 1 11
49 1 33
58 1 46
75 1 26
64 1 44
61 1 46
51 1 2
59 1 21
11 1 44
38 1 34
88 27 19
97 1 6
9 984 500
55 1 14
80 1 14
89 1 0
22 930072 57509
55 2 43
40 1 13
3 1 35
64 1 49
67 1 48
15 1 20
55 124 486
91 1 12
14 1 30
0 1 62
95 1 46
61 1 55
91 1 50
98 1 32
12 1 0
90 71524 13612
22 1 4
75 1 10
34 9324 5111
70 1 19
78 1 48
56 1 55
54 1 79
90 1 18
3 1 17
36 1 30
28 1 9
54 1 11
17 1 12
66 2 47
91 1 40
36 1 19
4 1 19
85 1 35
77 1 33
7 1 20
8 1 1
14 1 8
29 1 70
89 1 18
33 1 12
35 1 37
10 1 15
2 1 22
47 1 53
17 1 5
79 1 15
99 214881 154338
22 1 10
18 1 6
94 25762 11563
70 1 41
47 1 72
67 1 15
16 1 35
47 1 58
70 1 7
46 1 5
18 2 197
62 1 34
58 1 17
63 1 27
70 1 51
42 1 12
16 1 0
58 1 40
51 2306 417
63 1 24
24 1 41
98 1 20
14 1 7
39 6 204
49 1 9
73 1 15
11 1 46
64 1 9
47 1 26
75 1 4
75 1 6
54 1 19
58 1 34
77 1 2
78 1 12
40 1 20
95 1 41
64 1 24
49 1 22
85 1 8
35 1 6
1 28 12
7 4084 7680
32 1 58
71 1 45
36 1 27
73 1 14
24 1 35
45 1 3
43 1 24
52 1 35
73 1 21
79 1 10
78 1 55
7 9320 28188
99 1 3
66 1 17
18 1 15
89 1 1
91 1 64
3 1 12
45 1 25
8 1 14
57 61313 36973
54 1 73
56 1 77
24 1 0
4 1 6
42 1 18
71 1 1
91 1 22
3 2 63
72 1 10
29 1 1
14 1 48
0 1 7
54 1 3
57 1 8
57 1 66
55 1 8
67 1 42
57 1 32
64 1 33
55 81014 340896
75 6 45
27 1 9
38 2345 2400
70 1 4
3 1 54
63 1 4
13 1 22
38 1 56
20 1 21
91 1 54
94 1 20
38 1 32
35 1 50
18 1 29
12 155000 171688
62 1 6
65 1 7
80 1 19
64 1 40
54 1 17
95 1 62
86 1 40
46 1 2
97 1 11
91 1 47
77 1 38
70 1 34
13 1 16
70 1 21
78 1 37
3 1 25
30 85838 118277
53 10518 53985
78 1 66
16 1 33
97 1 12
94 5 28
65 18979 75455
2 1 8
9 1 20
35 37 62
67 1 27
64 1 56
60 1 7
45 1 65
20 1 3
57 1 4
93 2 8
26 1 10
63 1 25
79 1 23
72 1 30
35 1 35
97 1 34
56 1 53
38 1 0
54 1 13
61 1 50
85 1 50
21 18139 3324
51 1 12
55 1 18
36 1 0
12 1 9
98 1 49
0 1 21
35 1 58
55 1 7
29 1 2
5 1 19
29 1 65
77 1 1
47 4912 28818
28 1 1
29 1 18
97 1 23
84 1 8
98 1 13
95 1 8
20 1 20
34 715 160
47 1 13
7 1 19
57 1893 16073
61 1 35
29 1 36
63 139 66
31 1 12
60 1 21
49 1 30
22 3032 5088
28 1 5
67 1 39
1 13369 214838
15 1 6
58 1 24
67 1 59
38 1 53
35 1 36
17 1 2
31 1 29
58 98510 192143
70 1 13
66 1 38
56 1 57
32 1 8
22 1 7
56 1 49
45 1 2
56 1 66
54 1 62
85 1 45
32 1 3
21 1 45
29 1 16
51 152890 40836
53 1 3
57 1 6
17 1 28
75 1 27
97 1 42
49 1 0
0 1 15
81 1 41
64 1 61
54 1 20
38 1 20
85 1 42
22 1 12
6 444882 264776
0 1 60
52 1 0
28 1 4
87 1 2
20 1 6
12 1 12
17 1 7
4 72808 11359
85 1 9
3 1 47
40 1 6
81 1 22
37 2062 8041
82 1 1
61 1 45
16 1 22
46 1 21
95 1 24
52 1 38
91 1 36
36 1 42
56 1 64
36 1 2
54 1 51
29 1 50
22 25 63
54 1 40
60 3554 4559
32 1 69
42 54 102
32 1 76
56 1 10
54 1 41
72 1 31
63 1 53
5 1 0
75 1 12
98 1 40
62 1 41
21 1 30
97 1 44
29 1 9
2 1 7
38 1 65
32 1 17
65 11709 448332
67 1 60
77 18 100
49 1 18
45 1 13
43 1 5
41 6911 16539
84 1 0
12 1 35
38 1 54
86 1 1
79 8161 3419
86 1 36
2 7 29
45 1 41
14 1 56
67 1 61
28 122925 9896
98 1 33
79 1 3
56 96 120
73 1 9
98 1 25
16 1 29
89 1 8
91 272699 25351
94 1 21
46 1 50
99 1 6
4 1 15
50 1 5
89 2 20
36 1 4
97 1 46
54 258370 44731
63 1 51
93 6 17
3 1 28
64 1 48
89 1 11
13 1 20
18 1 44
15 1 5
29 1 27
88 1 6
81 1 17
78 1 67
63 1 16
66 1 5
12 1 2
64 1 37
38 1 47
32 4 93
33 1 4
44 1 1
67 1 13
56 1 46
81 1 26
24 1 28
73 1 13
17 1 43
16 1 42
31 1 6
87 10 29
51 1 5
2 1 3
52 1 20
7 1 8
78 1 31
67 1 54
75 1 30
80 69304 40509
71 1 53
28 1 14
29 1 67
52 1 13
84 1 7
52 1 36
35 1 29
8 30 71
21 1 7
21 1 44
9 57 289
72 144 61
42 1 1
49 1 34
46 1 15
27 1 22
27 1174 303
52 1 12
24 1 5
46 8 72
32 1 63
56 1 47
62 1 18
81 1 3
82 34 39
95 1 22
73 1 37
90 1 5
51 1 18
64 1 67
99 4536 309
75 1 11
80 1 8
29 1 5
40 929394 26817
21 1 54
47 1 32
72 1 14
9 1 23
53 1 4
17 1 22
78 1 44
29 244541 455734
84 1 26
29 1 59
38 6511 24161
71 1 11
70 1 6
14 1 38
24 1 27
7 1 16
27 1 19
62 1 40
29 1 42
58 1 27
14 1 24
21 1 53
70 1 47
38 1 2
70 1 12
18 1 3
3 1 27
86 1 26
16 1 38
72 1 56
61 1 4
46 1 33
24 1 2
67 1 21
78 1 7
58 1 19
56 1 3
59 1 18
21 1 47
66 1 13
35 1 56
0 1 28
32 1 9
64 1 14
42 1 31
84 1 5
3 1 19
4 1 18
67 1 43
58 1 39
85 1 6
94 1 7
24 1 3
36 1 9
0 1 38
36 1 18
80 1 7
71 1 42
8 1 22
21 1 32
72 1 13
29 1 63
24 1 25
59 1 34
38 1 22
8 1 2
29 1 8
11 1 36
7 201 1444
23 5 14
91 1 28
81 1 12
14 1 25
55 189297 60549
60 7997 13056
38 1 42
52 1 33
32 1 47
42 1 29
64 589237 67906
51 1 21
81 1 6
0 1 46
88 1 4
31 1 10
75 1 24
77 1 44
85 1 12
78 1 63
95 1 37
94 1 23
6 3536 4850
4 1 2
63 1 2
62 1 13
24 1 7
65 1 2
71 1 4
34 1 4
88 1 5
11 1 16
13 1 28
61 1 17
43 1 30
63 1 8
71 1 48
3 1 24
15 44631 44102
7 1455 2085
45 1 11
81 1 39
40 1 8
54 1 50
97 1 31
79 1 26
78 1 17
77 1 21
15 333 446
55 1 28
15 1 7
14 1 42
78 1 49
16 1 18
31 1 8
12 1 10
6 1 6
56 1 40
87 4 22
11 1 28
7 1 18
63 1 17
75 1 29
22 1 2
47 1 35
47 1 47
3 1 43
87 1 7
41 1 5
62 1 46
82 1 10
29 1 76
54 1 67
6 1 64
81 1 20
1 1 1
75 1 33
83 1 2
59 1 36
89 31 1139
49 1 28
47 1 15
70 133405 123502
18 1 8
9 1 10
45 1 29
56 1 63
29 100 758
91 1 63
28 1 6
46 1 38
95 1 56
26 1 22
39 1 4
56 1 15
64 1 1
82 1 8
11 1 24
42 1 16
67 20139 4466
25 29564 12584
36 1 50
16 1 3
43 1 10
14 1 46
35 1 7
94 1 1
72 1 0
54 1 35
8 1 19
27 42749 13350
13 34279 16803
97 1 43
87 1 5
29 1 32
14 1 40
60 1 14
74 176007 199432
31 1 17
46 1 41
14 129 66
58 22 133
37 10753 31442
12 1 31
33 1 13
58 1 51
64 254 149
45 1 20
13 4 31
6 1 0
60 1 18
47 1 38
53 80 22
42 1 0
7 1 10
32 1 4
67 1 53
94 1 5
38 1 7
3 1 53
64 1 6
3 44 89
64 19 104
38 1 64
93 26805 20256
59 1 23
71 1 16
45 1 26
88 1 9
13 1 23
52 1 29
3 1 18
54 1 36
59 1 25
91 1 68
11 1 17
82 1 23
12 1 1
46 1 44
43 1 27
23 1 8
64 1 35
45 1 31
78 1 64
60 1 4
36 1 35
33 1 11
65 1 0
47 1 21
95 1 52
7 1 60
73 7 1571
64 1 0
70 1029 3428
82 1 0
93 13904 2677
12 3184 1549
55 1 12
6 1 19
14 1 12
34 2 7
26 1 14
72 1 39
54 1 1
11 1 37
73 1 32
95 1 57
83 44029 47403
17 2 57
47 1 68
63 1 20
73 1 35
98 1 9
75 1 36
97 1 8
18 1 42
31 1 32
57 1 33
72 1 15
71 1 54
67 1 25
68 2142 2502
64 1 29
58 593 220
86 1 31
9 2391 4416
52 1 40
42 5661 2379
11 6 50
35 57757 47840
58 1 1
53 162 167
29 1 21
83 1 7
38 1 13
73 1 28
36 1 45
88 2 13
64 1 5
35 1 40
57 1 40
27 1 5
46 1 28
81 1 35
61 1 31
17 1 13
42 1 17
66 1 25
62 1 16
15 1 2
59 1 39
33 1 2
86 1 25
16 1 45
38 1 50
86 1 38
60 1 15
11 1 34
63 1 39
79 1 21
11 1 8
45 1 34
81 1 21
0 1 22
35 1 57
21 1 18
61 1 13
21 2 79
95 1 4
95 1 32
45 1 6
54 1 47
17 1 34
26 1 29
47 1 14
56 1 65
39 1 18
17 1 49
38 1 25
23 1 9
96 29759 18957
95 1 3
15 1 14
22 1 1
77 1 36
0 1 55
4 55 36
71 1 21
77 1 20
32 1 7
54 1 34
29 1 68
49 1 12
21 1179 265
3 1 4
72 449 210
75 1 7
16 1 36
30 247190 252776
66 1 42
54 1 9
67 1 66
26 1 19
30 1 5
27 439495 119081
98 170 120
56 1 54
21 1 56
32 1 54
11 57655 315703
79 1 6
9 1 46
32 1 36
66 1 22
61 1 52
54 563 225
26 1 13
18 4701 111933
53 143 1377
56 1 9
20 1 24
78 1 58
66 1 20
57 1 16
27 1 0
20 3845 2546
98 1 35
47 4221 1863
14 1 45
45 1 14
86 18 164
5 1 16
98 1 1
54 1 6
32 1 40
64 1 55
6 1 5
78 1 16
58 1 59
66 22 53
21 1 24
33 1 15
79 1 22
32 1 6
11 56 61
67 1 28
78 1 13
91 1 39
2 1 19
7 1 35
36 1 37
91 1 10
15 92 124
7 4 65
64 1 71
82 1 35
10 1 11
20 1 12
85 342313 99009
56 1 38
51 1 14
77 866 8687
58 1 52
32 1 74
77 1 7
9 1 49
85 1 16
24 1 23
29 1 64
64 1 15
98 1 24
16 1 11
38 1 45
56 1 44
43 30234 194842
29 1 49
21 1 27
22 1 15
95 175 123
21 1 34
31 1 35
46 19 82
59 1 20
35 1 19
91 1 57
14 1 1
78 1 14
5 1 5
7 1 59
3 1 22
13 1 2
71 1 15
71 1 20
95 1 63
65 242 977
63 1 26
47 1 5
36 81870 310780
44 1 4
66 1 26
50 1 7
11 58 142
71 1 18
16 1 2
52 1 3
14 1 41
11 1 7
58 1 57
60 1 10
7 1 13
35 1 53
32 1 14
9 1 0
72 1 54
95 1 60
35 1 10
31 1 5
0 1 9
58 1 28
95 1 35
87 1 4
0 1 37
27 1 2
18 20494 18707
47 4 83
95 1 2
64 1 76
21 1 52
93 1 24
0 1 52
13 1 0
65 8 15
83 3171 736
15 5 22
77 32042 48211
77 1 32
56 1 35
27 3 36
56 1 75
24 1 11
67 1 14
83 1 11
5 1 4
47 1 57
56 1 42
90 1 14
66 1 8
12 1 29
38 1 14
29 1 6
30 1 10
21 1 71
97 1 32
8 344 216
86 1 9
37 85208 168983
30 2 8
45 1 22
31 318095 32322
1 26511 15392
10 1 16
77 1 63
46 1 53
84 1 9
5 10 24
84 4 12
42 1 24
45 1 27
21 1 6
30 1 0
11 1 42
91 1 3
42 314760 554134
68 1 2
3 1 58
54 1 24
39 210846 12216
61 1 21
47 446547 357750
15 1037 784
46 1 51
36 1 55
8 1 31
98 1 27
57 1 17
20 1 15
64 1 25
79 1 5
98 1 19
31 1 26
21 1 68
91 1 55
94 1 22
6 1 11
36 1 24
11 1 23
71 1 51
47 1 22
72 1 20
51 6 22
75 1 1
45 295216 6877
61 1 37
88 1 11
17 1 10
64 1 70
20 1 1
94 1 26
58 1 47
81 1 32
58 1 61
24 1 17
78 1 5
62 1 17
16 1 21
26 1 26
35 15049 6208
9 1 36
64 1 73
67 1 50
16 1 15
89 1 6
64 1 47
5 1 18
32 1 66
78 1 38
82 1 30
42 1 21
61 7 69
64 1 30
54 9 83
85 1 38
67 1 38
75 1 5
0 1 14
0 2 63
97 1 27
66 1 35
91 1 21
75 1 8
97 1 26
82 1 20
26 1 27
33 1 10
73 1 6
2 1 2
72 1 8
93 1 0
62 1 35
32 1 41
8 1 20
52 1 14
72 1 41
72 1 36
81 1 30
62 1 1
45 2 68
70 1 23
45 1 19
63 1 32
83 3 24
70 1 46
50 1 6
79 1 1
71 1 49
3 1 42
86 18 45
42 1 2
21 1 49
32 1 49
78 1 4
81 23 54
97 1 45
42 41 59
16 1 43
43 1 38
16 3 50
81 1 18
95 339030 266358
84 1 6
90 1 6
86 1 6
91 171585 469350
80 1 21
0 1 65
47 1 60
29 92 93
28 1 10
20 1 38
45 1 59
21 1 40
80 5 1039
61 1 14
49 1 25
66 9691 272
54 1 4
43 1 19
51 1 9
13 1 12
59 1 15
64 1 36
21 2 72
17 1 19
77 1578 202
66 1 21
94 1 15
77 1 18
91 1 32
90 1 9
17 1 45
28 1 3
0 1 33
6 1 13
70 1 22
82 1 29
18 1 36
50 39957 71171
42 1 3
10 3 20
81 1 19
32 1 11
67 1 10
2 151 144
0 1 59
82 1 2
51 1 16
86 1 7
64 1 8
94 166 75
56 1 16
0 1 31
26 1 1
94 1 9
94 1 24
16 1 27
67 1 57
95 1 44
66 1 4
91 1 35
73 1844 4532
97 219277 411814
63 1 29
0 1 26
71 1 17
67 133 142
54 1 65
21 1 57
46 1 43
97 1 39
55 1 24
29 1 35
47 1 46
17 1 50
54 1 78
20 1 5
94 1 10
16 1 4
56 1 72
0 1 48
78 55 977
63 1 21
72 1 21
60 9068 46014
71 1 31
64 2 81
91 1 13
78 1 68
54 1 57
95 1 64
29 1 3
45 1 17
91 1 67
21 2 69
52 1 31
3 1 39
57 1 34
62 1 8
44 1 5
56 1 36
44 1 2
40 1 17
45 1 42
82 1 31
43 1 35
18 1 10
77 1 8
58 1 43
2 1 5
52 1 17
20 4 83
72 1 42
46 1 45
63 1 9
85 1 27
21 1 23
77 1 22
35 1 60
21 140242 118781
27 1 8
47 1 42
0 1 10
60 1 13
21 1 64
35 1 39
61 1 0
0 1 6
91 1 38
59 1 22
75 1 23
21 1 38
72 1 55
16 127971 139056
86 1 39
17 1 38
56 1 20
72 1 23
66 1 46
24 1 10
31 1 25
47 1 17
94 1 13
27 2 39
12 1 18
17 1 53
47 1 61
14 46803 264786
31 1 15
38 1 40
93 1 3
95 1 49
73 1 3
63 1465 422
77 1 62
83 3422 4324
24 1 33
21 1 11
10 1 13
63 1 13
7 1 52
52 1 7
98 1 36
21 1 65
36 1 32
71 1 38
4 1 21
9 1 51
72 1 50
95 1 55
6 1 23
54 1 38
7 1 34
22 2 18
95 1 29
55 1 9
45 1 53
14 1 43
20 1 30
31 1 3
8 1 15
33 3 22
47 1 7
62 1 3
78 1 43
77 1 24
64 1 16
20 1 16
85 7 58
20 1 23
29 1 37
31 1 31
35 1 47
38 1 15
64 1 57
98 986 628
46 1 4
41 21 79
98 1 21
84 1 2
42 1 19
18 1 1
81 1 51
98 1 22
46 996 257
0 1 25
45 1 63
73 1 22
0 1 42
35 1 51
83 1 0
80 1 3
27 1 4
35 1 24
63 1 38
4 1 16
17 1 51
4 1 11
21 212461 272422
58 1 33
90 1 3
67 26 87
76 37907 265506
54 1 49
95 1 1
72 1 6
72 1 9
3 1 33
91 1 48
18 1 2
31 629 6680
95 1 30
67 1 41
35 1 42
7 1 44
29 1 23
77 1 23
85 1 29
42 1 25
17 1 17
58 1 8
28 1 0
62 10 51
7 1 48
33 1 3
22 1 11
90 1 8
43 1 21
7 1 0
30 507 704
85 1 49
70 1 18
66 1 6
58 60046 7973
7 1 9
18 1 37
73 6714 10787
70 1 42
38 1 26
22 387 1992
49 1 7
9 1 27
75 1 28
31 1 19
21 1 0
97 1 47
6 1 7
7 1 12
62 304311 75460
63 1 45
83 1 9
54 1 8
0 1 30
54 1 71
47 1 10
66 1 16
47 1 69
16 1 41
33 1169 2402
71 1 0
64 1 18
8 1 24
45 1 38
73 1 7
14 1 23
47 1 70
23 1 5
30 1 2
56 1 2
59 1 29
21 1 12
66 1 37
28 1 12
5 101 93
58 1 26
66 1 18
51 1 3
87 84 2405
79 1 11
18 1 23
17 1 46
26 1 23
77 1 27
57 1 36
64 1 60
67 872545 74258
18 1 14
66 1 23
44 1 3
99 3 8
9 1 9
14 1 53
7 1 26
17 1 48
81 1 11
47 1 12
33 1426 393
1 136 91
6 143579 116409
57 1 30
24 1 40
40 1 7
31 1 141
64 1 46
79 1 7
66 1 36
64 1 62
66 1 7
81 1 38
91 1 23
67 1 19
15 1 15
26 1 11
77 1 14
82 1 27
35 1 28
52 1 1
79 1 2
9 1 21
38 1 44
61 1 42
59 1 38
18 1 31
97 1 28
77 1 30
56 1 70
34 9 9
16 1 7
11 1 19
29 1 15
64 1 64
9 1 33
9 3 60
95 1 38
42 1 22
86 1 16
70 1 17
8 1 39
98 1 5
24 1 38
40 1 12
97 1 22
55 1 5
