100 4001 4000
0 10 2530
16 10 550
30 10 1690
40 10 2170
20 10 2210
31 10 3550
30 10 3770
36 10 3470
80 10 3090
76 10 2110
95 10 930
16 10 1430
26 10 2910
85 10 2410
5 10 3050
61 10 1230
46 10 1110
51 10 1990
15 10 2650
46 10 1310
36 10 2350
30 10 2290
26 10 590
45 10 2410
69 3990 10
30 10 2770
21 10 2790
66 10 3350
86 10 310
66 10 2430
50 10 3170
15 10 3570
81 10 3790
11 10 430
20 10 2930
56 10 510
55 10 370
11 10 3070
71 10 30
71 10 1990
6 10 2910
81 10 790
76 10 1830
31 10 470
20 10 3290
90 10 1450
95 10 1970
10 10 3090
71 10 1150
41 10 3190
61 10 2470
61 10 830
55 10 2730
21 10 3190
25 10 2650
66 10 3110
70 10 3530
1 10 2790
5 10 3890
26 10 2950
66 10 2070
0 10 570
1 10 1190
65 10 1690
5 10 890
71 10 710
91 10 1390
35 10 290
1 10 710
75 10 890
51 10 1190
0 10 90
65 10 2770
71 10 1750
81 10 3630
45 10 130
80 10 2770
90 10 370
6 10 3470
46 10 2830
66 10 2350
86 10 1870
86 10 2150
35 10 2090
26 10 1190
40 10 1130
15 10 3730
56 10 2910
66 10 3630
10 10 3330
0 10 2490
66 10 2150
41 10 1830
95 10 450
45 10 1530
15 10 570
40 10 690
21 10 2670
10 10 690
20 10 3850
20 10 810
25 10 450
41 10 350
46 10 670
56 10 2270
20 10 970
36 10 3790
21 10 3230
16 10 470
91 10 1590
46 10 190
6 10 3750
81 10 3230
71 10 1470
95 10 1410
76 10 1710
56 10 3430
1 10 1590
5 10 3010
70 10 450
85 10 3690
71 10 310
26 10 710
0 10 2290
16 10 3150
26 10 2790
76 10 670
15 10 2050
56 10 350
86 10 3270
25 10 2250
70 10 930
15 10 1010
21 10 550
21 10 1630
21 10 2990
36 10 3430
65 10 3890
76 10 1350
76 10 310
25 10 3730
45 10 2450
95 10 690
91 10 3590
15 10 2170
60 10 2650
30 10 2010
25 10 2410
5 10 1130
70 10 730
1 10 230
90 10 1570
81 10 1110
81 10 1230
31 10 670
95 10 1090
80 10 1370
70 10 530
50 10 2770
21 10 1030
55 10 1410
15 10 930
41 10 950
71 10 1430
81 10 390
80 10 2410
61 10 1150
35 10 2490
15 10 1930
26 10 2350
90 10 3090
71 10 3590
41 10 2310
81 10 590
61 10 1790
31 10 1910
70 10 1210
35 10 1290
20 10 1690
65 10 90
16 10 310
96 10 1990
35 10 90
5 10 1330
71 10 2390
60 10 770
21 10 3710
46 10 1150
20 10 1970
26 10 870
15 10 1450
96 10 3110
95 10 3170
86 10 2070
96 10 590
80 10 1010
95 10 370
95 10 50
10 10 1690
65 10 50
76 10 470
46 10 2430
11 10 150
51 10 790
75 10 1250
81 10 870
60 10 90
6 10 2270
31 10 550
71 10 1950
1 10 70
86 10 3710
81 10 310
71 10 1230
1 10 3350
96 10 1590
70 10 2050
76 10 1110
95 10 2250
57 3990 0
50 10 2450
61 10 2950
71 10 3110
40 10 770
95 10 3330
20 10 2130
65 10 3010
55 10 2810
71 10 350
65 10 3170
15 10 1770
81 10 550
96 10 3430
20 10 3370
71 10 3070
61 10 2310
10 10 3610
45 10 1490
96 10 2270
46 10 1750
85 10 570
55 10 1810
11 10 390
91 10 3070
76 10 1310
91 10 3270
5 10 3250
61 10 670
71 10 3910
51 10 3030
35 10 570
15 10 3410
25 10 610
10 10 3930
75 10 170
11 10 910
16 10 3030
95 10 2170
96 10 1070
20 10 1050
30 10 2610
26 10 1270
1 10 3870
51 10 710
51 10 1790
1 10 1430
95 10 770
95 10 2970
0 10 1810
35 10 1010
45 10 2970
71 10 3470
35 10 1090
46 10 110
90 10 90
45 10 3530
66 10 1230
20 10 2810
50 10 610
0 10 490
55 10 930
31 10 2390
41 10 3070
21 10 630
66 10 2670
61 10 2070
91 10 390
61 10 2790
66 10 1990
6 10 710
76 10 2030
5 10 170
35 10 2010
80 10 610
21 10 2310
25 10 1210
26 10 2030
70 10 1370
26 10 2550
1 10 3070
85 10 3290
50 10 2890
60 10 3650
5 10 2130
10 10 3850
0 10 970
46 10 3830
70 10 10
61 10 1390
80 10 1490
31 10 3110
46 10 230
30 10 2210
60 10 890
31 10 3710
61 10 430
51 10 3110
91 10 2590
85 10 2370
10 10 1250
71 10 1550
60 10 2890
16 10 3710
65 10 3850
80 10 2930
16 10 3270
71 10 3230
71 10 3150
36 10 3750
40 10 1850
31 10 3030
30 10 3370
76 10 1990
15 10 3450
90 10 50
85 10 3210
90 10 2250
70 10 3130
70 10 3810
40 10 2930
40 10 2090
61 10 3950
66 10 3550
60 10 3130
75 10 1330
1 10 3510
1 10 1990
30 10 1850
5 10 3410
20 10 890
45 10 2130
51 10 1230
36 10 550
20 10 2730
66 10 2830
50 10 1970
0 10 3370
86 10 3790
25 10 930
96 10 3670
46 10 1550
21 10 2510
6 10 2630
56 10 3710
46 10 350
31 10 3590
95 10 2930
61 10 70
75 10 3130
50 10 1090
60 10 2730
81 10 3070
25 10 1330
20 10 2050
96 10 3350
41 10 3230
91 10 30
6 10 150
46 10 2150
85 10 890
30 10 3330
81 10 2710
26 10 1230
36 10 2030
80 10 210
86 10 3470
90 10 2370
1 10 3670
21 10 3630
76 10 3870
6 10 3430
20 10 2450
21 10 3790
85 10 1130
66 10 1510
15 10 490
46 10 2510
0 10 2050
50 10 290
21 10 1230
6 10 2790
66 10 1950
75 10 730
11 10 710
20 10 1930
65 10 1810
71 10 3950
0 10 1050
65 10 370
65 10 890
75 10 3370
15 10 3250
90 10 2810
26 10 750
95 10 2090
90 10 1650
46 10 1070
55 10 2570
31 10 190
46 10 1030
70 10 210
6 10 430
36 10 310
66 10 110
45 10 850
51 10 630
71 10 190
86 10 2790
81 10 3350
20 10 2490
85 10 1970
66 10 470
95 10 1490
31 10 1630
45 10 3290
56 10 1030
15 10 1330
35 10 3530
45 10 2770
21 10 1950
6 10 1790
36 10 2630
65 10 3570
46 10 2070
91 10 3670
80 10 2810
5 10 1010
90 10 2570
40 10 930
20 10 3650
0 10 3490
10 10 1450
5 10 1770
75 10 2530
56 10 3150
45 10 970
79 3990 10
91 10 2510
65 10 3410
70 10 3650
0 10 2130
81 10 2550
11 10 2430
50 10 810
76 10 30
1 10 990
86 10 1150
71 10 2590
56 10 1910
70 10 1450
51 10 3710
11 10 2670
90 10 1050
55 10 1770
1 10 470
45 10 2250
60 10 2410
86 10 3750
46 10 3790
65 10 450
20 10 50
65 10 1530
55 10 2250
85 10 1330
70 10 3450
65 10 530
21 10 1350
40 10 3490
65 10 250
86 10 1230
46 10 3670
1 10 2670
16 10 1190
20 10 90
46 10 2750
0 10 2570
1 10 3630
61 10 1510
36 10 1070
50 10 2730
86 10 870
35 10 1890
36 10 230
16 10 1030
65 10 490
11 10 1790
10 10 3130
96 10 470
90 10 1930
20 10 1290
11 10 2310
76 10 2350
59 3990 10
0 10 1450
66 10 1750
81 10 3950
26 10 1350
35 10 170
0 10 3050
5 10 2610
56 10 270
5 10 2890
95 10 3290
5 10 2970
56 10 830
10 10 10
6 10 2150
25 10 10
65 10 2850
71 10 990
31 10 510
6 10 30
35 10 3170
15 10 1970
0 10 1010
16 10 30
60 10 2050
56 10 2150
86 10 150
66 10 1430
50 10 210
6 10 550
80 10 290
91 10 2870
76 10 150
15 10 2450
56 10 1230
46 10 1470
10 10 3650
56 10 870
26 10 2870
66 10 2950
90 10 410
15 10 1170
35 10 770
10 10 1370
86 10 1790
25 10 2970
25 10 3210
40 10 2570
75 10 2290
6 10 910
86 10 2950
11 10 3150
40 10 3690
6 10 1150
96 10 550
40 10 2850
45 10 1210
41 10 590
65 10 1250
11 10 990
66 10 3310
25 10 1490
50 10 730
81 10 3270
11 10 1150
5 10 970
26 10 790
6 10 2510
40 10 2450
76 10 1270
95 10 1690
5 10 2170
0 10 3930
65 10 2090
55 10 690
45 10 1850
40 10 1050
0 10 2330
81 10 2590
55 10 1610
10 10 3450
1 10 390
16 10 2430
60 10 610
41 10 2390
85 10 3490
11 10 2830
0 10 1970
55 10 570
65 10 1850
61 10 1670
20 10 2650
20 10 1090
76 10 1430
10 10 570
16 10 1510
41 10 670
76 10 3550
31 10 990
60 10 1210
0 10 2410
91 10 2830
45 10 730
0 10 2890
30 10 210
51 10 2550
26 10 1750
96 10 3550
11 10 2470
41 10 2190
21 10 190
0 10 1490
41 10 190
6 10 3830
70 10 1850
41 10 1750
11 10 870
50 10 2370
0 10 930
61 10 1030
15 10 1410
6 10 1110
81 10 1670
85 10 770
60 10 3370
16 10 2310
95 10 1130
5 10 530
65 10 810
15 10 770
71 10 2030
16 10 2190
80 10 3530
60 10 3330
41 10 990
40 10 810
56 10 150
71 10 3510
91 10 1270
66 10 1630
86 10 1550
95 10 610
81 10 2110
55 10 2330
16 10 190
30 10 2930
91 10 350
20 10 1410
90 10 2690
16 10 1950
51 10 3270
45 10 2890
50 10 2130
80 10 1250
30 10 570
6 10 3950
5 10 3170
76 10 1910
76 10 270
5 10 3370
65 10 3810
76 10 2710
95 10 3370
56 10 1110
65 10 2570
61 10 1710
56 10 3590
30 10 1970
80 10 3610
81 10 3390
30 10 2690
6 10 3030
75 10 2810
76 10 3110
86 10 2990
36 10 2710
26 10 2270
65 10 2610
21 10 3470
96 10 2630
90 10 490
90 10 610
52 3990 0
36 10 2590
10 10 850
11 10 2270
1 10 830
56 10 2950
85 10 2730
40 10 3250
21 10 2750
21 10 2630
20 10 1890
1 10 2190
21 10 350
31 10 1990
60 10 1850
41 10 2150
40 10 2370
76 10 630
76 10 190
46 10 990
20 10 3730
40 10 3050
31 10 3150
45 10 1130
40 10 1530
75 10 2890
25 10 2490
46 10 1190
96 10 1670
35 10 2210
5 10 1810
85 10 1810
11 10 790
55 10 1050
76 10 1750
71 10 1350
0 10 1930
95 10 3690
21 10 1590
61 10 2630
51 10 270
36 10 1270
45 10 370
60 10 1650
55 10 2450
41 10 150
81 10 3750
35 10 1210
71 10 2110
60 10 2210
20 10 3450
10 10 2370
75 10 1570
81 10 230
90 10 2490
15 10 2330
56 10 3310
95 10 2210
91 10 1070
86 10 2390
11 10 1670
10 10 2930
30 10 2330
10 10 890
6 10 3350
71 10 2190
85 10 3450
71 10 1390
51 10 3790
60 10 2930
15 10 3130
80 10 1330
55 10 2170
20 10 2290
86 10 3110
11 10 2590
0 10 170
51 10 1670
1 10 2150
35 10 2730
31 10 1350
85 10 3850
0 10 330
41 10 2270
41 10 30
35 10 2970
50 10 3010
20 10 170
46 10 2350
15 10 690
21 10 2550
56 10 2870
35 10 1130
25 10 2130
21 10 590
55 10 3610
85 10 3250
90 10 1970
66 10 190
10 10 410
36 10 1710
11 10 1710
75 10 250
31 10 2150
5 10 3650
61 10 1350
0 10 690
85 10 170
76 10 3030
55 10 1450
10 10 770
5 10 250
51 10 1510
31 10 3790
81 10 2150
91 10 70
16 10 3830
61 10 510
31 10 630
86 10 3950
6 10 3590
75 10 2730
5 10 2210
85 10 1570
65 10 1930
76 10 2950
85 10 1930
90 10 3890
80 10 10
96 10 1230
11 10 2510
60 10 2690
30 10 3690
20 10 2010
85 10 1530
25 10 1130
56 10 590
10 10 3410
91 10 3150
20 10 610
65 10 2250
85 10 850
21 10 150
80 10 2610
5 10 50
40 10 3090
81 10 2270
50 10 2610
0 10 10
60 10 730
70 10 2090
60 10 2090
80 10 1850
1 10 1470
91 10 3190
75 10 2410
75 10 1090
96 10 2430
85 10 1650
0 10 3530
16 10 230
6 10 1590
46 10 1390
10 10 210
60 10 1090
51 10 1270
45 10 90
41 10 2790
55 10 2050
21 10 790
85 10 3090
50 10 1210
95 10 170
55 10 130
36 10 3070
36 10 790
25 10 290
81 10 270
15 10 1570
56 10 2430
16 10 2790
41 10 1470
6 10 870
51 10 1870
20 10 370
25 10 1570
85 10 2570
31 10 230
86 10 2750
56 10 1070
21 10 1150
15 10 3650
15 10 1210
61 10 2150
51 10 2990
55 10 2650
0 10 2770
30 10 1410
75 10 2610
71 10 910
75 10 810
5 10 2650
35 10 2930
90 10 2890
66 10 750
6 10 1470
0 10 3890
36 10 2310
11 10 230
50 10 410
95 10 1570
85 10 1770
95 10 3810
74 3990 10
5 10 2370
50 10 3930
5 10 850
30 10 2730
11 10 2350
50 10 1930
60 10 1970
91 10 3510
0 10 290
96 10 1830
6 10 2030
96 10 3910
85 10 2050
60 10 490
45 10 2570
15 10 50
25 10 2330
91 10 1750
1 10 2990
40 10 450
15 10 1130
90 10 2210
81 10 3710
91 10 830
81 10 2910
55 10 2290
1 10 870
65 10 3130
36 10 950
76 10 3790
20 10 490
96 10 3510
86 10 2230
26 10 3590
45 10 3810
46 10 1870
21 10 1270
6 10 3870
45 10 2610
50 10 1890
85 10 2850
1 10 3190
71 10 230
31 10 2270
25 10 2010
6 10 510
35 10 3690
5 10 2050
1 10 2070
5 10 370
91 10 310
70 10 1290
91 10 470
29 3990 10
86 10 2630
36 10 2390
35 10 2530
80 10 3330
6 10 2390
46 10 2310
21 10 3550
41 10 1590
26 10 1430
60 10 330
61 10 3510
26 10 2470
91 10 3430
20 10 2250
75 10 3730
0 10 3010
80 10 570
11 10 1550
20 10 2690
26 10 3230
96 10 2190
56 10 390
16 10 2990
5 10 930
21 10 830
30 10 450
70 10 1810
16 10 2390
6 10 3710
55 10 210
96 10 1110
20 10 2850
85 10 1730
15 10 850
21 10 2110
81 10 990
46 10 3470
75 10 2130
5 10 2450
61 10 1910
1 10 1910
70 10 1410
10 10 1130
1 10 3310
15 10 450
56 10 3070
6 10 2950
70 10 2410
6 10 1990
30 10 330
66 10 3670
30 10 1730
75 10 3850
51 10 190
60 10 1330
21 10 2710
96 10 1350
5 10 1210
70 10 3010
1 10 3470
26 10 3830
40 10 3210
71 10 870
50 10 2690
60 10 2170
30 10 3090
26 10 3750
86 10 2190
65 10 1010
30 10 3890
96 10 2310
71 10 950
6 10 2470
36 10 2070
66 10 3710
41 10 3150
25 10 210
46 10 30
60 10 450
56 10 2350
50 10 2050
70 10 610
35 10 3610
25 10 3650
4 3990 10
15 10 2010
30 10 1210
90 10 890
76 10 3470
71 10 1590
51 10 2630
0 10 2010
21 10 2230
35 10 1570
16 10 430
11 10 1950
55 10 490
75 10 3330
21 10 1190
95 10 850
20 10 2330
35 10 3330
70 10 3490
40 10 1410
15 10 2610
70 10 2610
11 10 3430
40 10 1970
20 10 3570
25 10 330
96 10 1710
5 10 130
71 10 3310
20 10 690
31 10 1870
1 10 3830
56 10 1430
30 10 2970
35 10 890
35 10 2330
85 10 490
21 10 30
12 3990 0
56 10 3550
56 10 2630
15 10 530
45 10 2730
0 10 2610
0 10 810
46 10 950
36 10 1390
90 10 3930
0 10 1890
16 10 670
41 10 550
30 10 3450
96 10 270
30 10 3210
1 10 3710
1 10 2310
75 10 3810
45 10 450
91 10 2110
6 10 630
5 10 1090
70 10 330
90 10 3570
1 10 1750
25 10 90
71 10 3030
30 10 250
0 10 1610
16 10 1630
25 10 1170
45 10 2370
36 10 2110
0 10 370
51 10 670
45 10 3370
85 10 2530
41 10 230
6 10 3670
96 10 1550
75 10 3490
41 10 1670
50 10 1450
70 10 570
55 10 2610
40 10 1690
41 10 2830
2 3990 0
51 10 950
5 10 1890
76 10 2670
30 10 3650
80 10 2090
90 10 2970
26 10 1030
60 10 1570
75 10 2330
41 10 1910
75 10 3290
65 10 3090
60 10 250
35 10 1530
25 10 3250
81 10 3670
65 10 1050
45 10 3890
40 10 50
6 10 1510
75 10 3650
16 10 3590
80 10 1090
10 10 1610
89 3990 10
35 10 3210
75 10 3530
90 10 170
61 10 3390
70 10 410
21 10 3950
56 10 1270
35 10 50
21 10 1830
45 10 1090
30 10 3410
60 10 1250
40 10 3290
60 10 370
56 10 1870
11 10 670
51 10 3870
95 10 1890
21 10 3670
95 10 2770
20 10 290
56 10 3670
56 10 2390
76 10 2510
11 10 1870
85 10 970
90 10 1410
25 10 370
46 10 1270
45 10 1370
40 10 3850
11 10 2790
90 10 930
50 10 2970
96 10 790
60 10 1890
76 10 2390
65 10 1610
41 10 2430
75 10 1730
11 10 1590
11 10 1630
15 10 3210
16 10 3910
95 10 2130
56 10 950
85 10 2010
11 10 1270
0 10 3090
21 10 3350
65 10 290
46 10 2590
45 10 410
25 10 1010
5 10 3490
35 10 2610
56 10 2990
46 10 1790
65 10 3450
41 10 2910
41 10 3710
96 10 2510
66 10 2270
81 10 3550
21 10 3070
35 10 3770
45 10 3410
0 10 530
50 10 3090
11 10 1430
6 10 3110
39 3990 10
31 10 3470
66 10 390
90 10 1890
36 10 2550
21 10 1910
41 10 3830
86 10 190
1 10 310
51 10 2150
70 10 1890
41 10 310
20 10 3330
25 10 2730
71 10 2430
65 10 2930
6 10 3790
6 10 2830
90 10 3490
66 10 2590
40 10 3650
26 10 2710
75 10 2250
35 10 690
65 10 1770
61 10 3070
80 10 490
96 10 2870
61 10 2870
40 10 570
96 10 2990
45 10 3050
55 10 10
15 10 1890
55 10 3010
6 10 1390
50 10 2330
80 10 3210
95 10 1170
6 10 3150
81 10 950
85 10 3050
26 10 1110
1 10 2470
6 10 2870
95 10 1610
35 10 2370
45 10 1250
95 10 3250
40 10 2650
71 10 2070
50 10 3530
40 10 1570
10 10 170
0 10 3330
10 10 810
41 10 3630
91 10 3310
65 10 1210
41 10 2510
15 10 730
26 10 2670
50 10 330
5 10 3810
41 10 830
26 10 2630
91 10 3790
15 10 2090
96 10 3870
70 10 3930
0 10 1690
66 10 950
41 10 270
75 10 3690
0 10 50
5 10 1570
91 10 1030
75 10 1970
96 10 2950
86 10 2830
50 10 2530
16 10 1790
91 10 3870
21 10 1390
95 10 3530
50 10 2290
90 10 850
16 10 590
30 10 3250
15 10 3530
60 10 290
41 10 3470
36 10 150
86 10 630
95 10 3210
90 10 1730
6 10 3310
86 10 590
16 10 1110
45 10 3650
75 10 3250
30 10 3170
15 10 1730
35 10 1690
25 10 3410
55 10 2930
6 10 3630
26 10 3790
49 3990 10
95 10 3490
65 10 3690
60 10 3010
31 10 2230
71 10 2870
11 10 1230
45 10 2930
41 10 70
86 10 950
1 10 3390
26 10 3710
71 10 750
21 10 3830
85 10 3810
50 10 1410
96 10 1270
56 10 3510
61 10 3710
71 10 3710
46 10 270
95 10 1450
36 10 1950
15 10 3170
61 10 790
31 10 3630
95 10 2690
5 10 3690
31 10 2630
21 10 990
66 10 2470
0 10 1250
10 10 2330
51 10 2190
21 10 1070
0 10 2930
56 10 910
40 10 2210
25 10 1850
61 10 3310
26 10 3470
81 10 670
96 10 1630
86 10 1190
21 10 1870
65 10 970
30 10 2450
11 10 1310
75 10 1410
76 10 950
30 10 3130
41 10 3750
11 10 1750
85 10 2490
90 10 1490
86 10 3230
90 10 3170
66 10 3430
61 10 2990
86 10 2510
65 10 2970
80 10 450
95 10 330
16 10 2910
0 10 2970
46 10 310
11 10 2390
80 10 2210
30 10 1050
35 10 1250
45 10 490
60 10 530
45 10 1170
60 10 3090
5 10 1730
97 3990 0
90 10 3810
36 10 710
31 10 1150
46 10 710
36 10 390
61 10 2510
41 10 2670
16 10 1390
45 10 2850
61 10 230
86 10 1430
20 10 650
35 10 3570
66 10 790
41 10 2710
56 10 3110
86 10 430
91 10 2190
1 10 950
0 10 410
51 10 1950
11 10 3670
75 10 1810
36 10 1550
66 10 3150
76 10 3190
70 10 1010
25 10 650
11 10 1110
17 3990 0
31 10 2110
45 10 210
36 10 3030
27 3990 0
96 10 2550
25 10 1290
81 10 3510
15 10 2730
5 10 2810
81 10 3470
75 10 3410
71 10 1670
56 10 670
46 10 1590
6 10 2310
15 10 1370
21 10 270
26 10 2190
41 10 510
81 10 1310
50 10 2650
80 10 1130
51 10 1710
55 10 1730
51 10 990
16 10 3750
41 10 2070
85 10 1290
46 10 3270
55 10 3490
15 10 2130
87 3990 0
75 10 2970
80 10 1930
70 10 2490
61 10 110
65 10 2010
75 10 3890
81 10 1790
95 10 2810
30 10 130
46 10 3070
55 10 2090
36 10 3910
86 10 110
96 10 830
30 10 1370
20 10 10
56 10 70
20 10 2530
40 10 1210
81 10 430
61 10 550
50 10 1690
1 10 2910
11 10 1190
91 10 710
35 10 3890
76 10 510
35 10 1730
80 10 930
80 10 3050
60 10 3250
91 10 3350
70 10 1570
66 10 3910
40 10 2770
45 10 650
10 10 2690
31 10 1430
70 10 2930
96 10 3150
66 10 1070
85 10 2210
90 10 1130
80 10 2330
81 10 470
96 10 150
50 10 1570
1 10 3150
36 10 1190
91 10 2790
20 10 1730
71 10 1830
71 10 2310
41 10 2110
60 10 2570
1 10 3550
61 10 950
80 10 970
45 10 3250
10 10 2250
5 10 1490
25 10 3930
26 10 2510
71 10 1910
66 10 30
95 10 1530
6 10 1870
45 10 3690
1 10 1830
71 10 2950
36 10 670
6 10 3550
70 10 3850
16 10 2830
20 10 530
46 10 3950
96 10 430
0 10 450
60 10 2610
22 3990 0
25 10 2210
86 10 2110
55 10 450
31 10 3910
75 10 970
0 10 1130
1 10 1070
76 10 3230
51 10 2070
40 10 130
46 10 3590
71 10 2830
61 10 350
41 10 1790
85 10 2290
85 10 2890
86 10 3310
45 10 3130
0 10 2810
16 10 3070
20 10 1530
81 10 830
90 10 970
20 10 450
66 10 510
60 10 3170
6 10 1030
61 10 2390
20 10 1850
10 10 2290
41 10 3030
20 10 2090
20 10 3690
81 10 110
15 10 1090
80 10 1610
26 10 70
21 10 1550
31 10 390
81 10 510
35 10 850
6 10 1630
75 10 370
81 10 3030
35 10 10
51 10 3510
25 10 1370
91 10 430
26 10 30
70 10 690
35 10 490
30 10 770
51 10 2830
50 10 890
1 10 590
60 10 3610
41 10 2030
36 10 3670
45 10 1330
66 10 3510
91 10 150
51 10 830
35 10 2050
0 10 1370
80 10 1890
61 10 1590
65 10 3650
95 10 1290
10 10 2450
95 10 3890
20 10 410
75 10 1850
10 10 3490
72 3990 0
20 10 3410
65 10 1890
80 10 3010
40 10 410
30 10 170
75 10 2370
75 10 570
76 10 3670
16 10 2870
66 10 1670
60 10 2770
65 10 2810
10 10 1090
81 10 1830
95 10 2610
41 10 3670
41 10 1390
50 10 370
51 10 1150
41 10 2350
81 10 150
70 10 1970
11 10 630
31 10 790
56 10 3390
46 10 2190
21 10 3030
15 10 3890
95 10 2290
90 10 1810
0 10 2370
81 10 2510
0 10 3650
15 10 3090
46 10 1910
1 10 270
20 10 3810
56 10 1510
70 10 2730
80 10 130
21 10 2270
70 10 2010
40 10 3410
30 10 490
60 10 2450
51 10 510
41 10 2230
0 10 2650
16 10 1310
76 10 3750
76 10 1390
0 10 1850
35 10 3810
40 10 1770
41 10 1950
85 10 1250
40 10 3130
96 10 2590
35 10 450
1 10 2430
31 10 2950
16 10 2630
95 10 1730
0 10 130
5 10 290
60 10 3890
76 10 910
95 10 1850
85 10 330
41 10 1710
1 10 350
45 10 2690
75 10 3170
15 10 2890
71 10 2910
91 10 1110
45 10 3210
96 10 2910
45 10 1410
36 10 2470
96 10 190
91 10 510
10 10 1850
26 10 2590
71 10 3630
75 10 1370
1 10 1270
61 10 1430
35 10 2290
85 10 50
96 10 2670
70 10 1050
26 10 190
51 10 3070
35 10 1850
35 10 1170
91 10 1550
36 10 2190
16 10 2510
35 10 3090
51 10 3190
46 10 2710
91 10 2350
51 10 1070
15 10 2290
76 10 230
75 10 650
40 10 3890
81 10 2070
30 10 3730
51 10 2390
36 10 70
66 10 1190
36 10 3350
5 10 810
86 10 3350
0 10 3450
26 10 3510
85 10 1450
56 10 2030
16 10 1470
36 10 190
66 10 3030
91 10 1310
80 10 530
55 10 2210
45 10 770
36 10 630
90 10 2130
41 10 630
0 10 770
30 10 650
21 10 2830
70 10 3610
76 10 110
1 10 1550
31 10 2510
25 10 2850
61 10 3190
95 10 3930
70 10 2450
21 10 110
10 10 2890
70 10 2810
95 10 810
16 10 150
91 10 2270
55 10 330
20 10 1490
75 10 1010
56 10 2750
51 10 1390
76 10 2070
65 10 3930
1 10 2830
50 10 3650
81 10 1070
45 10 1810
21 10 230
71 10 2150
45 10 1970
1 10 2750
96 10 3470
36 10 830
55 10 1690
40 10 3170
41 10 2630
80 10 3690
34 3990 10
45 10 3730
86 10 3590
20 10 1770
76 10 1630
0 10 1330
65 10 1730
26 10 1790
16 10 1830
61 10 3830
25 10 1650
50 10 3490
20 10 2770
15 10 10
40 10 3330
60 10 10
0 10 3210
36 10 3150
50 10 450
80 10 2530
6 10 270
56 10 1670
96 10 3590
71 10 270
40 10 1890
15 10 2810
6 10 2590
16 10 3510
1 10 2230
90 10 810
51 10 3950
1 10 2390
75 10 3450
55 10 1370
56 10 1950
91 10 3910
60 10 1530
31 10 2910
31 10 2750
66 10 2630
16 10 2350
50 10 1730
31 10 3190
20 10 3010
56 10 2110
15 10 1490
71 10 2270
76 10 2430
26 10 350
51 10 150
31 10 3350
80 10 410
91 10 3710
75 10 3610
90 10 690
41 10 870
45 10 1570
70 10 3570
25 10 810
14 3990 10
21 10 1110
75 10 2850
1 10 3750
91 10 790
35 10 650
70 10 3410
96 10 3190
15 10 290
15 10 3610
66 10 710
65 10 610
20 10 1170
61 10 3910
71 10 1510
56 10 750
65 10 2530
0 10 1570
35 10 1970
80 10 2490
61 10 2350
95 10 490
10 10 2410
66 10 1910
40 10 3610
21 10 1750
15 10 130
41 10 1070
30 10 2890
60 10 970
66 10 1110
61 10 3550
61 10 3790
86 10 3150
95 10 2650
51 10 1030
46 10 2390
5 10 2490
11 10 350
0 10 1770
56 10 2230
76 10 3830
26 10 1630
16 10 790
86 10 910
91 10 2390
41 10 1270
85 10 3130
15 10 1850
81 10 190
66 10 1550
21 10 3430
21 10 2590
70 10 1170
36 10 1750
1 10 2510
55 10 1330
76 10 1150
35 10 250
70 10 250
16 10 2750
76 10 2990
45 10 810
30 10 2050
66 10 3270
71 10 1070
65 10 2490
86 10 990
75 10 2930
60 10 930
26 10 1950
11 10 550
90 10 3690
10 10 1970
51 10 870
81 10 3870
46 10 2470
5 10 2410
35 10 530
16 10 3350
81 10 3590
15 10 410
11 10 1390
91 10 670
26 10 910
96 10 1030
46 10 3630
56 10 1710
16 10 1910
91 10 1790
61 10 3270
11 10 270
75 10 1610
55 10 3850
91 10 1510
15 10 2410
15 10 3850
46 10 2110
5 10 3770
95 10 1810
1 10 3950
56 10 1390
96 10 1950
40 10 370
66 10 3070
86 10 2430
91 10 910
40 10 3530
16 10 3670
16 10 3110
56 10 3830
26 10 1510
56 10 550
6 10 1750
16 10 3190
85 10 650
36 10 1350
15 10 3690
24 3990 10
35 10 2170
35 10 2810
41 10 470
6 10 3390
5 10 1850
55 10 1850
41 10 3870
95 10 2410
56 10 3950
11 10 3710
31 10 1510
76 10 2910
56 10 2830
50 10 2930
85 10 2610
80 10 90
35 10 3730
1 10 790
86 10 2590
50 10 930
86 10 750
82 3990 0
60 10 2250
65 10 3610
15 10 810
71 10 550
15 10 2930
45 10 2290
11 10 2870
81 10 2870
61 10 3230
21 10 430
61 10 870
66 10 1790
41 10 3790
20 10 3050
95 10 10
20 10 850
31 10 2670
80 10 2970
64 3990 10
6 10 1670
80 10 3290
60 10 3450
96 10 3030
31 10 1950
0 10 2170
96 10 1510
1 10 1710
11 10 2550
65 10 3530
36 10 2230
80 10 370
86 10 510
40 10 610
85 10 730
66 10 3190
70 10 290
51 10 2230
45 10 1610
30 10 3530
96 10 350
10 10 2050
1 10 2590
36 10 750
85 10 1210
61 10 270
96 10 3750
71 10 3870
35 10 2450
20 10 3170
60 10 210
40 10 1250
16 10 1070
55 10 3170
31 10 1470
5 10 1970
25 10 3450
80 10 2890
1 10 1870
0 10 850
61 10 2030
41 10 390
0 10 3410
91 10 2670
61 10 3150
71 10 70
20 10 1330
95 10 650
91 10 1910
25 10 3770
50 10 1650
6 10 1350
81 10 1710
71 10 3350
31 10 1550
46 10 2230
90 10 1850
46 10 790
65 10 3050
45 10 3770
41 10 3430
11 10 3590
60 10 1610
66 10 2230
15 10 890
65 10 1450
95 10 3730
0 10 2690
31 10 2790
1 10 3030
30 10 930
21 10 950
76 10 1790
86 10 2270
61 10 3030
75 10 2690
36 10 3830
61 10 1310
70 10 1330
95 10 730
90 10 2850
41 10 1310
75 10 2650
85 10 2770
90 10 2530
66 10 430
35 10 2410
16 10 1670
86 10 2310
31 10 2350
26 10 3670
6 10 2230
56 10 790
40 10 330
70 10 2210
51 10 3750
40 10 1490
90 10 1250
31 10 3310
90 10 290
25 10 730
75 10 2450
15 10 610
6 10 1070
86 10 1070
26 10 990
71 10 2550
66 10 1030
26 10 110
0 10 3130
61 10 710
11 10 1470
25 10 3010
96 10 3950
20 10 1130
55 10 3370
31 10 710
61 10 990
55 10 1290
96 10 2110
21 10 3270
5 10 1050
5 10 1290
86 10 790
90 10 2330
50 10 2810
65 10 1650
95 10 2050
85 10 1090
26 10 2750
21 10 3510
11 10 1030
16 10 950
76 10 3070
96 10 1910
50 10 1250
35 10 1650
90 10 1170
31 10 1590
61 10 1990
50 10 1770
96 10 3630
36 10 270
26 10 3870
70 10 3170
70 10 1490
55 10 3130
26 10 230
40 10 3570
90 10 3770
71 10 3750
11 10 2070
36 10 990
81 10 2950
30 10 10
66 10 3470
45 10 2490
85 10 2650
40 10 2050
85 10 3930
50 10 1370
85 10 3370
25 10 3370
85 10 2330
30 10 1930
91 10 2910
95 10 3570
0 10 3850
91 10 1870
25 10 2170
51 10 430
25 10 3050
40 10 1810
46 10 3110
1 10 2550
40 10 2810
26 10 150
80 10 3410
96 10 2070
11 10 750
86 10 2550
0 10 0
66 10 2990
91 10 3550
86 10 390
66 10 2310
15 10 1650
60 10 3810
21 10 2070
16 10 2710
61 10 2110
11 10 3350
21 10 3310
70 10 2130
50 10 1010
1 10 1310
95 10 3450
86 10 1710
5 10 2730
5 10 730
5 10 2570
26 10 2390
6 10 3070
25 10 170
16 10 390
95 10 890
71 10 1030
51 10 3350
80 10 2450
5 10 210
90 10 3250
81 10 1630
56 10 2470
80 10 2730
90 10 330
66 10 270
30 10 1890
91 10 3030
25 10 3490
20 10 1210
66 10 2110
36 10 1830
75 10 690
65 10 2410
25 10 1530
41 10 2950
75 10 3770
70 10 1730
15 10 2530
35 10 2770
95 10 3650
20 10 1450
70 10 50
46 10 1990
86 10 2030
35 10 930
25 10 3330
56 10 1750
91 10 1830
85 10 3730
81 10 1990
25 10 2610
86 10 2670
46 10 430
65 10 2890
1 10 2710
25 10 1690
21 10 1710
80 10 1570
61 10 2430
15 10 1290
26 10 2990
36 10 110
65 10 1970
5 10 3930
65 10 3210
26 10 3910
30 10 2370
65 10 1490
36 10 910
35 10 3370
26 10 2310
1 10 1110
65 10 3730
61 10 590
50 10 690
75 10 2170
0 10 3770
80 10 1770
96 10 230
11 10 830
91 10 3470
90 10 2610
80 10 890
31 10 1310
35 10 3490
1 10 1790
85 10 1050
31 10 1270
46 10 3390
45 10 3570
60 10 1290
55 10 970
51 10 2470
91 10 1230
60 10 2010
9 3990 10
80 10 2690
30 10 1770
5 10 2010
11 10 1910
46 10 70
50 10 3810
45 10 690
51 10 350
96 10 1430
16 10 2270
15 10 1530
26 10 1470
25 10 3130
96 10 630
16 10 3470
15 10 2250
1 10 430
75 10 1650
86 10 3070
10 10 3890
66 10 1870
36 10 1870
56 10 2670
76 10 70
30 10 2410
75 10 2770
86 10 350
16 10 2950
26 10 3190
35 10 1930
56 10 990
85 10 3010
86 10 3510
0 10 2250
60 10 3050
80 10 3730
1 10 3910
5 10 2770
90 10 770
40 10 90
96 10 3070
62 3990 0
66 10 3750
36 10 2270
11 10 3110
71 10 1790
55 10 850
5 10 2850
16 10 510
61 10 3670
21 10 3590
50 10 3890
1 10 1390
61 10 2750
11 10 2230
90 10 3410
26 10 1390
75 10 50
11 10 3870
40 10 1650
56 10 110
55 10 2690
85 10 3170
71 10 2630
45 10 290
51 10 310
60 10 3930
80 10 2850
55 10 170
60 10 3690
95 10 1050
31 10 2070
11 10 2110
65 10 330
80 10 330
40 10 2530
5 10 570
95 10 3130
76 10 3910
51 10 30
81 10 2310
81 10 1470
95 10 250
96 10 1150
0 10 250
25 10 3890
15 10 1610
36 10 1430
51 10 2910
51 10 3590
11 10 510
45 10 1890
40 10 3810
91 10 1350
50 10 2490
85 10 2970
80 10 3850
71 10 1870
56 10 1550
70 10 3330
21 10 750
41 10 2870
70 10 890
55 10 1570
31 10 3830
46 10 3910
91 10 3230
21 10 2190
36 10 3390
41 10 2550
1 10 1670
60 10 2330
10 10 2210
31 10 1790
16 10 3310
80 10 3490
36 10 3550
30 10 970
55 10 3450
85 10 130
45 10 330
51 10 470
55 10 50
15 10 3490
7 3990 0
20 10 1010
35 10 1810
0 10 1170
85 10 1010
86 10 1990
41 10 3110
96 10 2750
91 10 190
75 10 290
16 10 3630
11 10 2190
6 10 310
95 10 1330
21 10 1310
11 10 70
60 10 2810
60 10 1170
10 10 2490
65 10 1570
25 10 770
20 10 1810
1 10 3590
36 10 870
35 10 970
10 10 2010
0 10 2210
85 10 2090
10 10 3290
20 10 3130
65 10 130
44 3990 10
61 10 2910
91 10 870
10 10 1650
46 10 1230
51 10 550
90 10 570
76 10 2550
36 10 2750
20 10 2170
40 10 250
55 10 3730
81 10 2230
46 10 1670
55 10 3210
40 10 3730
6 10 1310
26 10 470
16 10 3430
81 10 30
6 10 990
71 10 3390
36 10 1910
56 10 1150
71 10 790
16 10 3550
55 10 3530
85 10 2450
56 10 190
75 10 1530
25 10 3850
91 10 1670
75 10 930
40 10 2410
90 10 1010
61 10 1750
66 10 230
81 10 2990
50 10 3410
25 10 690
60 10 2370
96 10 990
40 10 2010
50 10 1610
30 10 2530
61 10 1190
96 10 2390
66 10 1310
15 10 3370
65 10 3330
41 10 3910
26 10 1550
26 10 390
55 10 3650
66 10 1590
30 10 610
70 10 3690
40 10 730
35 10 810
51 10 3230
31 10 2590
50 10 3250
71 10 2670
70 10 90
90 10 3370
61 10 1630
40 10 1010
71 10 2350
16 10 2230
91 10 2630
55 10 1090
16 10 1710
50 10 1170
70 10 3890
10 10 1210
21 10 3750
30 10 3850
70 10 1690
26 10 3550
65 10 1090
86 10 2870
76 10 3590
95 10 130
70 10 2690
75 10 3050
55 10 1930
75 10 1210
86 10 670
75 10 3570
55 10 2530
86 10 230
86 10 550
76 10 2310
56 10 2710
36 10 3870
91 10 230
6 10 3230
60 10 2490
56 10 3870
71 10 2470
10 10 1050
95 10 1250
81 10 2670
25 10 130
86 10 1910
1 10 2630
45 10 3010
91 10 2550
65 10 170
50 10 3690
21 10 1430
45 10 2650
55 10 3690
81 10 1270
80 10 1050
0 10 1650
30 10 3490
25 10 3090
50 10 1330
30 10 1570
60 10 3730
81 10 1430
70 10 130
10 10 3010
26 10 1590
20 10 2970
30 10 2250
71 10 2230
30 10 3810
25 10 1890
50 10 490
1 10 550
65 10 770
10 10 1530
15 10 1690
90 10 1090
40 10 2890
65 10 410
26 10 3150
91 10 3750
16 10 1990
11 10 3510
80 10 1530
61 10 2270
61 10 190
70 10 2290
0 10 2730
96 10 30
50 10 650
86 10 1390
71 10 3670
46 10 2990
65 10 10
35 10 2570
10 10 490
46 10 550
20 10 2610
95 10 1210
51 10 3390
56 10 3230
51 10 590
55 10 2410
45 10 2330
16 10 1150
99 3990 10
1 10 2350
21 10 3910
80 10 2250
25 10 410
40 10 210
6 10 3190
96 10 3830
85 10 1490
11 10 3790
6 10 1190
40 10 1370
56 10 2310
50 10 10
35 10 130
6 10 830
21 10 310
31 10 150
65 10 2290
35 10 2130
91 10 1950
56 10 1310
60 10 1770
26 10 2150
5 10 3610
31 10 310
76 10 1230
80 10 2570
6 10 110
55 10 3410
1 10 2870
90 10 3730
5 10 450
11 10 3910
11 10 3310
25 10 3170
80 10 1730
76 10 2470
50 10 530
36 10 1150
85 10 3410
61 10 2590
86 10 3390
86 10 3030
70 10 2250
10 10 3250
81 10 710
36 10 3710
26 10 270
76 10 870
40 10 3770
51 10 2310
31 10 750
20 10 3770
75 10 3010
66 10 3830
40 10 890
6 10 790
55 10 1890
56 10 2190
10 10 3370
30 10 2090
19 3990 10
80 10 3890
25 10 1930
76 10 3270
81 10 70
46 10 3710
45 10 50
86 10 1830
30 10 2650
46 10 3350
96 10 710
45 10 1450
46 10 2030
80 10 2050
20 10 2890
75 10 210
20 10 3610
96 10 1310
55 10 3090
76 10 350
55 10 2130
85 10 370
61 10 3470
95 10 1930
35 10 3050
15 10 2570
90 10 2410
36 10 590
60 10 570
11 10 1510
45 10 1050
1 10 510
51 10 2870
6 10 950
26 10 3310
5 10 3130
41 10 750
21 10 710
66 10 1390
6 10 230
26 10 1870
61 10 1270
16 10 3790
80 10 3370
20 10 930
91 10 2470
61 10 470
25 10 3290
86 10 830
6 10 3510
75 10 2210
91 10 990
76 10 3430
95 10 1650
70 10 3730
66 10 3230
90 10 3010
96 10 2470
96 10 2350
31 10 70
66 10 3950
55 10 3810
81 10 1750
51 10 1310
16 10 1870
71 10 470
90 10 3290
10 10 2570
11 10 310
92 3990 0
5 10 1170
61 10 3630
85 10 1690
81 10 1350
55 10 1250
16 10 3390
41 10 2750
16 10 1590
60 10 3210
61 10 2830
36 10 1670
50 10 250
81 10 1030
85 10 3650
81 10 1150
21 10 2430
11 10 1070
35 10 3410
36 10 2510
95 10 3050
51 10 2430
15 10 90
10 10 1410
45 10 2090
10 10 3530
66 10 3790
60 10 2130
50 10 3610
90 10 1770
10 10 90
35 10 1330
10 10 2130
46 10 1710
65 10 1370
81 10 1950
80 10 1170
80 10 2370
66 10 2550
60 10 50
36 10 2950
96 10 2710
81 10 3110
11 10 2630
71 10 630
31 10 3270
16 10 2590
6 10 350
60 10 3490
16 10 3950
66 10 2390
11 10 3950
76 10 3710
70 10 3770
20 10 2570
46 10 3310
75 10 10
41 10 790
51 10 230
31 10 2030
36 10 3230
66 10 1470
75 10 1170
51 10 1350
96 10 110
91 10 2750
75 10 1050
56 10 30
81 10 1390
80 10 2010
31 10 2470
0 10 3290
26 10 1070
55 10 1970
30 10 1450
31 10 1030
11 10 2910
1 10 1350
10 10 3210
15 10 170
5 10 1650
30 10 1610
45 10 610
35 10 1490
66 10 1150
36 10 3110
40 10 3450
51 10 1550
25 10 1410
45 10 3450
26 10 1670
56 10 710
75 10 3210
41 10 1110
81 10 1870
6 10 390
26 10 1310
31 10 1830
65 10 1410
70 10 770
80 10 730
90 10 2090
26 10 1990
5 10 1370
60 10 2530
31 10 3510
56 10 3350
66 10 830
46 10 150
95 10 2490
95 10 2850
55 10 3330
16 10 70
25 10 850
30 10 1530
95 10 2530
30 10 1170
31 10 30
41 10 1550
75 10 410
60 10 1050
55 10 90
41 10 110
20 10 1610
60 10 3850
30 10 1650
31 10 2710
96 10 950
16 10 630
5 10 3090
30 10 1090
35 10 3290
80 10 1690
42 3990 0
41 10 1030
40 10 2730
90 10 3210
65 10 2650
0 10 210
61 10 3110
46 10 2550
50 10 1050
81 10 3430
1 10 1950
80 10 3650
76 10 2230
46 10 2670
11 10 2950
61 10 3590
86 10 2470
55 10 290
80 10 3930
25 10 2450
75 10 2570
51 10 3550
5 10 610
55 10 3930
5 10 1250
1 10 2270
15 10 1250
41 10 910
61 10 3350
46 10 830
25 10 3810
55 10 1210
60 10 1010
81 10 3310
25 10 490
6 10 2750
80 10 1970
70 10 1250
25 10 3570
75 10 1290
81 10 1190
75 10 2090
5 10 1690
61 10 630
36 10 1230
31 10 1070
60 10 410
25 10 1090
41 10 1990
81 10 2030
70 10 1130
5 10 3450
40 10 2490
46 10 750
71 10 1630
30 10 3010
0 10 1090
30 10 2130
91 10 270
47 3990 0
96 10 910
50 10 3210
21 10 1790
40 10 1610
81 10 750
75 10 1770
10 10 610
31 10 3430
51 10 2670
50 10 3570
86 10 2350
51 10 1110
31 10 350
85 10 1850
55 10 1530
11 10 110
26 10 2230
35 10 3250
60 10 170
65 10 570
11 10 3750
41 10 1190
45 10 1690
15 10 1050
35 10 1770
25 10 1250
46 10 3870
46 10 3190
31 10 3390
46 10 2870
20 10 3210
1 10 3430
35 10 3850
11 10 3030
70 10 2890
26 10 1830
11 10 2150
40 10 490
36 10 3590
36 10 2830
10 10 3730
80 10 50
35 10 3010
20 10 3930
0 10 1730
15 10 370
15 10 2970
6 10 2110
80 10 3450
21 10 2030
81 10 1590
5 10 3330
81 10 2750
85 10 3770
15 10 2850
90 10 1210
76 10 3390
0 10 2850
71 10 670
11 10 950
90 10 2730
80 10 170
61 10 1870
80 10 3770
36 10 2670
90 10 130
40 10 2970
36 10 3630
96 10 1190
50 10 3450
80 10 3810
1 10 1230
26 10 3950
40 10 3010
76 10 830
40 10 1090
40 10 1730
21 10 390
10 10 2850
76 10 3350
40 10 2330
71 10 1110
56 10 2590
55 10 3050
96 10 390
11 10 1350
86 10 3870
46 10 630
96 10 1790
5 10 10
5 10 3530
95 10 570
76 10 1590
45 10 2210
50 10 1810
16 10 1750
55 10 410
41 10 430
65 10 3370
96 10 670
45 10 1650
55 10 250
25 10 2890
0 10 2090
90 10 10
16 10 3230
96 10 3710
76 10 3630
20 10 3250
35 10 3930
80 10 1290
51 10 1910
86 10 270
90 10 3850
50 10 2250
21 10 2390
36 10 510
36 10 2870
61 10 750
81 10 3910
46 10 3430
16 10 1550
86 10 2710
86 10 1750
15 10 3930
51 10 1470
31 10 1190
90 10 2010
70 10 2570
60 10 130
31 10 3670
70 10 1610
50 10 3130
40 10 170
5 10 2930
10 10 1930
36 10 2150
50 10 1130
36 10 470
90 10 450
40 10 1450
70 10 3210
95 10 2890
45 10 3850
51 10 1430
50 10 3290
90 10 3330
5 10 2690
35 10 1050
31 10 2310
76 10 1870
51 10 2950
45 10 1770
50 10 2090
60 10 1130
91 10 110
56 10 2550
71 10 1190
85 10 930
30 10 3610
30 10 2490
85 10 1370
91 10 2230
6 10 1710
1 10 2030
50 10 3330
76 10 1030
56 10 1790
75 10 530
1 10 750
35 10 2250
40 10 2130
61 10 910
40 10 1290
25 10 1610
15 10 250
81 10 910
6 10 590
15 10 210
81 10 3830
66 10 150
60 10 1450
65 10 2170
46 10 2950
71 10 2790
70 10 2330
16 10 2670
91 10 2070
1 10 3110
61 10 30
30 10 3050
76 10 1510
75 10 1450
20 10 3490
95 10 970
41 10 1230
30 10 1010
26 10 2070
70 10 1930
81 10 1550
31 10 3870
85 10 1170
46 10 1950
1 10 3230
5 10 1450
11 10 1830
50 10 570
51 10 3630
96 10 3310
86 10 1510
86 10 3550
95 10 2010
61 10 2710
84 3990 10
1 10 1630
85 10 3330
35 10 2850
15 10 970
15 10 2770
51 10 3310
66 10 2710
65 10 850
85 10 1610
60 10 1930
5 10 410
50 10 3730
86 10 2910
20 10 130
30 10 850
91 10 2030
10 10 2530
45 10 1290
71 10 830
56 10 3630
71 10 3430
96 10 2790
91 10 1630
6 10 750
1 10 1150
40 10 10
85 10 10
91 10 750
11 10 3470
41 10 2990
5 10 90
35 10 3450
50 10 3850
91 10 2430
45 10 2810
76 10 550
30 10 890
40 10 2290
5 10 2290
91 10 630
36 10 1790
55 10 2770
30 10 410
70 10 2650
10 10 50
25 10 890
26 10 670
95 10 290
91 10 1150
20 10 2370
16 10 2070
90 10 650
31 10 2830
20 10 1570
46 10 1350
10 10 1010
41 10 1430
56 10 470
11 10 3230
56 10 1830
75 10 2010
10 10 1330
55 10 730
56 10 1190
67 3990 0
56 10 3190
81 10 2470
61 10 150
70 10 2770
6 10 2990
91 10 1470
20 10 250
56 10 630
85 10 450
0 10 650
15 10 3050
56 10 2510
71 10 430
51 10 70
46 10 590
61 10 1110
25 10 970
81 10 1510
26 10 3430
41 10 2590
70 10 2530
10 10 3810
56 10 310
0 10 3730
56 10 1630
30 10 690
51 10 2590
90 10 3130
90 10 3450
90 10 3530
36 10 2910
76 10 2870
1 10 670
35 10 1370
90 10 1690
50 10 2850
86 10 710
20 10 1250
46 10 3230
25 10 3610
31 10 870
36 10 3510
0 10 1210
46 10 910
40 10 1330
10 10 2090
40 10 2610
80 10 850
35 10 3130
55 10 2850
51 10 3910
45 10 570
16 10 2150
55 10 3890
81 10 2790
46 10 3550
71 10 3190
81 10 2350
76 10 390
66 10 3870
26 10 2110
71 10 590
85 10 2690
16 10 270
0 10 3170
56 10 1590
46 10 470
20 10 730
5 10 2250
6 10 3910
56 10 3790
71 10 3830
21 10 2950
0 10 3570
60 10 1730
80 10 1410
70 10 170
10 10 330
71 10 2510
56 10 3750
45 10 170
80 10 810
16 10 350
71 10 110
25 10 3690
30 10 530
85 10 2930
41 10 3350
1 10 190
51 10 3830
10 10 2810
1 10 2950
75 10 2490
41 10 3550
66 10 2790
60 10 3410
15 10 3810
60 10 2970
95 10 3410
50 10 2170
30 10 370
95 10 2570
36 10 1630
51 10 910
70 10 370
25 10 2370
11 10 3390
50 10 170
55 10 1130
10 10 2970
26 10 3070
75 10 1930
40 10 650
21 10 1470
80 10 1810
5 10 3730
45 10 2170
86 10 470
45 10 1930
51 10 110
76 10 3950
1 10 1510
90 10 2290
95 10 210
10 10 3170
76 10 3310
25 10 2930
60 10 690
0 10 3250
25 10 250
80 10 690
66 10 1350
85 10 610
71 10 2990
50 10 770
75 10 90
65 10 3770
36 10 1510
0 10 1410
20 10 2410
5 10 2090
55 10 1170
65 10 2050
55 10 1010
30 10 3290
60 10 1410
66 10 2870
66 10 910
36 10 1470
65 10 3490
0 10 3810
21 10 1670
21 10 670
6 10 1550
40 10 1930
15 10 2490
6 10 1950
95 10 3010
65 10 3250
65 10 2370
80 10 1210
90 10 2650
25 10 2530
76 10 2750
54 3990 10
46 10 3030
90 10 1330
10 10 1730
0 10 1290
21 10 870
90 10 210
41 10 3590
15 10 1810
91 10 1430
41 10 3510
75 10 1890
76 10 1190
80 10 2170
0 10 3690
65 10 1170
5 10 3290
80 10 2290
37 3990 0
15 10 2370
21 10 2910
16 10 2030
61 10 3750
95 10 3610
70 10 490
91 10 3950
36 10 1990
90 10 1370
36 10 430
50 10 2570
71 10 2750
55 10 3770
60 10 2850
31 10 1390
15 10 3010
76 10 2270
81 10 2430
26 10 2430
61 10 2190
76 10 750
16 10 750
71 10 3270
30 10 1290
65 10 930
55 10 650
20 10 1650
1 10 3790
86 10 3630
70 10 650
35 10 330
60 10 1370
96 10 3230
65 10 210
71 10 390
51 10 3670
45 10 2050
16 10 910
10 10 1570
76 10 430
51 10 2110
0 10 1530
6 10 1230
36 10 1310
96 10 2030
90 10 2050
26 10 2830
30 10 3930
30 10 2850
65 10 2450
10 10 530
80 10 3250
55 10 2370
25 10 1810
10 10 290
50 10 130
71 10 3790
16 10 710
86 10 3430
85 10 2250
45 10 3090
51 10 2510
66 10 1830
81 10 3150
96 10 1750
41 10 2470
30 10 1130
26 10 830
76 10 1950
81 10 350
36 10 3950
50 10 1290
51 10 3430
56 10 3030
11 10 3270
71 10 1270
85 10 3570
65 10 3290
36 10 2430
50 10 1850
30 10 2810
60 10 3290
46 10 2790
91 10 3830
6 10 1270
50 10 90
16 10 1270
10 10 1170
70 10 1770
10 10 2170
21 10 2870
70 10 850
35 10 3650
35 10 1610
80 10 650
25 10 2290
21 10 1990
35 10 210
30 10 1330
25 10 50
75 10 1690
60 10 850
25 10 2770
71 10 1310
31 10 110
85 10 3530
80 10 250
35 10 410
96 10 70
95 10 3770
85 10 2130
25 10 2050
5 10 770
86 10 70
31 10 1230
61 10 1470
41 10 3950
5 10 3850
70 10 2170
21 10 3150
61 10 1550
81 10 2390
46 10 3750
50 10 1530
26 10 310
46 10 2910
40 10 290
94 3990 10
30 10 2170
85 10 3610
77 3990 0
60 10 650
6 10 2070
95 10 410
86 10 3910
45 10 930
40 10 1170
61 10 2670
5 10 490
15 10 330
6 10 2350
70 10 3250
46 10 510
51 10 1750
60 10 1490
6 10 70
45 10 3610
11 10 2750
35 10 370
35 10 1450
32 3990 0
21 10 3390
0 10 890
25 10 2810
55 10 1490
41 10 3390
90 10 250
95 10 1010
10 10 3570
76 10 990
60 10 3530
96 10 870
70 10 2970
96 10 3270
51 10 1630
31 10 430
85 10 530
40 10 2250
26 10 3390
36 10 3190
70 10 1530
35 10 610
51 10 2750
1 10 150
5 10 1530
65 10 690
66 10 590
71 10 510
55 10 810
41 10 1870
56 10 230
76 10 2590
31 10 2190
26 10 430
91 10 2710
66 10 630
30 10 50
6 10 2670
41 10 1510
60 10 1810
21 10 3870
41 10 1350
95 10 1770
31 10 950
65 10 730
76 10 2190
1 10 110
51 10 2270
55 10 530
60 10 1690
36 10 3310
50 10 3770
60 10 2290
25 10 3530
80 10 1450
41 10 710
65 10 1290
80 10 2130
26 10 1150
20 10 3530
66 10 2510
66 10 1270
31 10 3950
36 10 2990
86 10 1950
90 10 2770
66 10 310
35 10 2690
70 10 1090
25 10 1050
91 10 3390
25 10 1770
6 10 1830
15 10 3330
30 10 90
5 10 2530
75 10 3930
76 10 790
36 10 3270
56 10 2070
16 10 870
55 10 890
86 10 3830
55 10 3250
85 10 90
50 10 50
26 10 3270
96 10 1390
16 10 2110
80 10 770
65 10 2130
55 10 2970
75 10 330
96 10 3790
95 10 2730
90 10 1530
10 10 370
45 10 1010
61 10 390
66 10 2910
66 10 2750
96 10 1470
6 10 2550
86 10 3670
46 10 1510
46 10 1830
76 10 590
15 10 3290
71 10 2710
31 10 3750
25 10 2090
6 10 670
10 10 3770
40 10 3370
35 10 1410
21 10 510
31 10 2430
10 10 2610
85 10 1410
56 10 1990
56 10 1470
35 10 2890
95 10 2370
46 10 390
1 10 3270
86 10 1110
6 10 470
11 10 470
6 10 190
61 10 1830
50 10 2010
45 10 3170
45 10 890
81 10 2630
6 10 2430
86 10 3190
95 10 3850
86 10 1470
91 10 550
10 10 450
91 10 950
75 10 3090
76 10 2630
96 10 2230
90 10 1610
30 10 730
51 10 1590
76 10 2830
5 10 2330
0 10 730
10 10 970
41 10 3310
10 10 650
95 10 90
26 10 950
90 10 530
56 10 2790
85 10 2810
46 10 3510
90 10 1290
51 10 2030
70 10 3290
41 10 3270
80 10 1650
91 10 1990
1 10 1030
75 10 490
96 10 3390
25 10 1970
91 10 3630
86 10 1310
5 10 1410
10 10 730
55 10 770
46 10 870
1 10 2110
91 10 2150
61 10 3870
21 10 470
81 10 630
90 10 3610
35 10 730
11 10 3190
11 10 590
36 10 350
75 10 1130
26 10 3630
91 10 3110
5 10 650
10 10 2650
85 10 2170
11 10 190
95 10 1370
96 10 2830
11 10 3830
81 10 1910
91 10 2990
20 10 3890
46 10 1630
65 10 650
71 10 3550
66 10 870
85 10 250
66 10 1710
90 10 2170
41 10 1150
75 10 770
25 10 1730
30 10 1810
20 10 3090
61 10 1950
16 10 990
21 10 2150
70 10 3090
76 10 1670
56 10 3910
46 10 2270
5 10 3570
10 10 1890
51 10 2790
25 10 2570
95 10 2330
65 10 2330
81 10 2190
31 10 2990
21 10 1510
46 10 3150
10 10 1290
56 10 3470
66 10 70
66 10 990
26 10 510
66 10 550
76 10 1470
81 10 3190
60 10 810
86 10 1590
85 10 810
86 10 1030
16 10 830
61 10 3430
26 10 630
61 10 2230
56 10 3270
96 10 2150
21 10 2470
31 10 910
30 10 3570
5 10 3210
26 10 3030
91 10 1710
10 10 130
86 10 1270
31 10 1670
10 10 1490
66 10 2030
50 10 970
15 10 3770
21 10 2350
50 10 850
20 10 570
75 10 610
85 10 690
96 10 1870
51 10 2710
55 10 2490
31 10 1710
26 10 3350
31 10 830
26 10 3110
55 10 1650
76 10 3150
36 10 1110
46 10 1430
10 10 1770
31 10 1110
76 10 1070
76 10 710
70 10 2370
65 10 1330
31 10 3230
16 10 110
45 10 2010
75 10 130
30 10 1250
45 10 250
55 10 3290
51 10 1830
1 10 910
25 10 570
1 10 630
41 10 1630
45 10 3490
71 10 1710
90 10 730
45 10 2530
51 10 3470
45 10 10
25 10 530
10 10 250
6 10 1910
76 10 2790
20 10 1370
65 10 2730
31 10 3070
70 10 3050
40 10 970
6 10 2190
56 10 430
10 10 3050
75 10 850
21 10 70
55 10 2010
30 10 1490
0 10 3610
61 10 1070
26 10 1910
10 10 930
0 10 610
80 10 3170
76 10 1550
10 10 2730
30 10 810
66 10 3590
60 10 3570
71 10 150
40 10 2690
26 10 550
31 10 1750
5 10 690
55 10 2890
10 10 1810
11 10 1990
66 10 670
56 10 1350
55 10 610
6 10 2710
10 10 2770
40 10 850
6 10 1430
66 10 3390
96 10 310
36 10 30
10 10 3690
15 10 650
31 10 590
86 10 1630
11 10 3550
70 10 1650
16 10 3870
75 10 1490
90 10 2450
31 10 270
61 10 2550
31 10 2870
85 10 3890
61 10 310
36 10 1030
75 10 2050
20 10 330
16 10 2550
30 10 290
65 10 1130
1 10 30
80 10 3130
65 10 2210
91 10 1190
26 10 1710
91 10 2310
66 10 350
11 10 2030
25 10 2690
91 10 2950
15 10 2690
86 10 30
20 10 210
70 10 970
20 10 770
30 10 2570
86 10 1350
21 10 3110
95 10 530
16 10 1230
80 10 2650
16 10 1350
36 10 1590
40 10 3930
45 10 3330
90 10 2930
76 10 2150
85 10 410
90 10 3050
50 10 2210
16 10 2470
50 10 1490
90 10 3650
70 10 3370
11 10 2710
91 10 590
85 10 1890
55 10 3570
81 10 2830
75 10 450
85 10 290
96 10 750
45 10 3930
46 10 2630
60 10 3770
50 10 2410
31 10 2550
11 10 30
96 10 510
85 10 210
40 10 530
51 10 390
70 10 2850
86 10 1670
45 10 1730
51 10 2350
50 10 3050
51 10 750
70 10 810
5 10 1930
95 10 3090
36 10 2790
11 10 2990
5 10 1610
95 10 2450
80 10 3570
45 10 530
50 10 3370
35 10 2650
15 10 2210
21 10 910
76 10 3510
6 10 3270
51 10 3150
66 10 2190
11 10 3630
0 10 2450
65 10 2690
5 10 330
25 10 1450
