2 88 1000000
0 1 13
1 1 14
1 1 34
0 8 15
0 21 69
0 1 6
1 1 11
0 1 7
0 376 178
1 1 33
1 633 131787
1 1 23
1 1 19
1 1 41
1 539 32046
0 1 4
1 454 1084
0 1 2
1 1 8
0 1 9
1 23 73
1 1 48
0 1 14
0 590 2953
1 1 2
1 1 30
1 864 142560
0 1 3
1 1 44
0 1 5
0 1 0
1 1 7
1 1 15
1 1 0
1 1 29
1 1 37
0 1 11
1 126 208
1 131 476
1 1 12
1 1 31
0 689 19744
1 1 10
1 1 26
1 1 13
1 1 28
1 1 3
1 1 50
1 1 24
1 1 42
0 1 10
1 1 6
0 198 7538
0 1 8
1 1 16
1 1 5
1 7 59
1 1 43
1 1 47
1 1 4
1 1 27
1 1 35
0 1 1
1 1 18
0 11 160
1 1 46
0 142 983409
1 5 52
1 1 39
1 1 45
1 1 49
1 1 1
0 975 140900
1 1 22
1 1 51
1 1 32
1 1 20
1 1 38
0 1 12
1 1 25
1 1 9
1 419 461993
1 1 17
1 571 170440
1 1 40
1 1 36
0 376 110952
1 1 21
