100 2336 1000000
0 1 22
43 1 7
6 536 513
33 137 179
82 1 2
25 47503 73629
27 1 10
98 1 28
30 1 4
99 1 7
75 1 12
53 1 20
2 1 10
61 178 26
49 1 25
14 1 26
91 1 29
31 1 25
91 1 3
20 1 25
84 13263 476201
80 1 3
80 1 11
93 5 27
11 1 34
91 745 223
56 1 19
32 1 31
11 1 4
91 1 14
38 1 33
82 1 4
14 1469 1241
71 1 2
53 1 28
47 1 29
73 1 26
81 1 11
80 1 7
18 107 23
14 2 28
4 561 1343
36 1 18
37 3 6
62 13508 42238
14 1 3
98 1 21
36 1 12
78 1 15
1 171 45
14 1 8
15 1 18
77 1 0
30 1 13
14 1 19
47 1 19
33 1 13
78 1 9
61 24016 1782
11 1 19
33 1 27
91 1 9
71 1 21
47 1 17
50 1 15
74 1 6
15 1 31
11 1 0
30 1 6
15 8 38
97 1 19
85 1 2
23 353369 300674
81 1 18
50 260 607
89 96 42
27 1 6
89 1 12
31 1 5
84 1 7
90 1 5
9 56637 32903
75 194987 86698
36 1 25
65 9655 689870
15 46755 63453
84 1 15
30 1 2
38 1 28
60 1 9
49 1 6
18 1 10
14 1 1
20 1 0
31 1 30
63 1 4
78 1 22
15 1 37
60 1 34
77 1 29
53 1 3
86 1 25
73 2 35
49 2957 1114
55 1 13
73 48751 18371
14 6 53
21 53981 7257
60 1 32
77 1 30
63 1 25
89 1 11
64 8 15
56 1 8
46 102 887
47 1 23
97 1 15
73 1 7
41 50015 519681
50 266 70
81 1 5
0 1 16
98 1 17
15 1 12
31 1 18
24 1 6
43 3051 3039
84 1 18
27 1 26
74 1 9
60 1 10
10 761573 49117
75 1 8
77 4747 4928
95 37 47
50 6 34
78 1 24
96 268 1979
48 1 3
76 1 5
29 1 8
53 1 25
92 46981 6743
63 20979 70674
54 1 16
79 1633 9452
84 39 262
49 1 14
31 1 33
98 1 4
49 1 2
48 1 24
15 1 33
15 1 1
60 143098 135476
42 1 1
59 5 13
55 1 3
11 1 31
46 1 1
6 110 9
78 227833 121077
44 959 279
43 1 1
22 1 5
77 1 34
12 1 12
62 1 7
0 1 7
27 1 22
49 2 28
86 1 20
50 1 2
21 1 19
89 1 21
99 1 26
21 3 86
59 1 8
78 1 7
73 1 23
25 619897 127591
27 1 34
83 1 12
74 1 7
81 1 27
11 1 22
35 1 4
33 7664 17329
53 1 1
18 1 9
62 1 23
91 1 36
0 1 19
97 830 4187
39 1 9
96 75786 26836
39 1 3
60 638 649
36 1 17
62 1 32
82 1 3
95 90121 14777
40 7 38
20 1 14
42 1 7
11 1 18
24 35461 5671
75 60255 319
99 1 15
24 1 16
20 1 10
29 1 10
47 1 30
98 1 10
99 1 28
7 1 4
42 1 18
70 50 191
71 1 3
30 94 36
11 1 16
82 10 27
56 4615 1714
98 1 3
39 1 13
35 1 15
21 1 10
10 1 0
90 1 2
62 1 25
73 1 6
20 1 19
20 1 7
77 1 7
98 1 1
53 1 14
39 10413 8242
77 114 1037
89 290 277
0 1 21
52 287442 13848
83 705636 47568
53 64920 345836
10 8756 37650
12 1 1
22 1 13
23 37 125
38 1 11
46 1 9
21 1 7
81 1 38
24 1 9
31 1 17
70 1 7
33 1 24
32 1 7
77 1 28
8 1 0
0 1 5
53 1 22
53 1 39
77 1 1
84 1 16
58 1 4
93 237 1578
27 1 17
2 1 0
41 144 92
72 57 129
47 5973 1120
31 1 10
40 13 12
50 1 3
95 1 2
35 1 3
48 1 20
15 1 15
28 1 6
70 1 1
89 1 10
32 1 21
65 223183 256207
0 1 14
26 1 2
15 1 32
66 1 1
49 1 19
10 6 10
31 4951 7569
98 1 0
69 511759 258116
93 1 24
47 1 12
64 8 36
6 1 5
40 1 7
41 1 2
86 1 35
99 1 18
84 1 19
98 1 5
83 1 0
24 1 3
67 75 43
55 1 11
67 1 15
65 1 16
14 1 23
33 1 30
71 1 7
53 1 6
2 527 74
11 1 7
83 1 21
11 1 27
62 1 9
97 1 7
2 5951 6694
81 1 7
91 1 7
97 1 8
53 1 10
73 468195 73920
20 1 20
31 426 1286
76 1 4
18 28591 49372
78 1 0
71 1 4
30 1 9
42 1 22
7 1 2
77 1 15
40 212 180
73 1 22
23 7298 816
54 33009 24781
94 3 8
93 1 17
95 13 7
93 1 21
20 1 32
67 1 22
77 1 27
70 1 0
49 1 15
99 17506 154755
53 1 30
71 1 6
12 1 3
62 1 20
49 1 34
48 43969 300250
86 1 6
32 1 26
33 1 10
48 1 17
30 1 16
27 1 4
53 1 29
14 1 11
50 1 14
51 42524 12971
92 18 70
0 1 17
49 1 13
86 1 19
67 1 27
54 1 14
60 1 18
67 1 12
20 7652 10882
91 1 0
33 281 16724
14 1 0
89 1 0
33 1 5
14 1 2
66 1 0
42 1 11
98 1 6
40 1 6
15 1 20
92 1 0
81 1 10
73 9014 2084
81 1 12
58 89 48
62 1 6
59 1 9
76 21228 5414
27 1 1
60 2972 1639
60 1 7
14 1 12
0 1 23
67 1 9
38 1 15
53 1 24
77 1 21
76 50166 277815
38 1 1
11 1 8
97 1 3
59 1 6
64 136676 13327
30 110497 151416
15 1 36
24 1 2
60 1 33
76 3994 159
50 1 7
59 30 28
46 443287 81281
43 1 6
2 1 12
62 1 17
11 1 40
36 1 2
14 1 5
32 1 35
27 1 29
28 1 5
24 3 29
62 1 14
27 1 2
63 17 30
78 1 13
97 1 18
48 1 7
14 3257 3889
43 1 12
0 1 4
14 1 9
15 34571 257695
40 1 3
65 1 14
45 11090 1605
74 281 406
54 1 5
94 1 5
10 1 1
43 1 31
38 1 7
63 1 0
38 554389 8971
43 1 18
63 1 1
36 1 20
91 1 34
42 1 9
93 1 0
62 1 12
86 1 29
91 1 33
77 1 37
28 1 7
60 1 37
50 1 1
30 1 1
31 1 0
18 6772 7041
97 1 17
49 1 21
30 1 27
38 1 6
80 1 10
58 1 6
47 1 10
73 1 19
89 128 1134
42 1 5
76 1 6
54 1 8
72 28094 2546
50 1 9
49 1 20
82 1 7
53 1 0
86 381 84
78 1 21
39 3 35
67 1 11
70 1 5
33 1 35
39 1 20
28 16 63
1 3 7
27 1 31
63 1 6
51 7728 63879
81 1 28
26 1 3
15 1 23
67 1 23
93 32360 639132
22 1 7
6 24510 7861
39 1 7
27 1 16
68 1 6
2 1 7
32 1 12
35 1 6
38 1 13
0 1 8
56 1 1
96 241913 220873
66 1 2
77 1 12
7 10587 25309
12 606 853
67 1 24
33 1 22
60 9 101
5 1514 11619
93 1 20
44 31865 47739
60 1 28
29 1 5
98 1 16
39 1 1
70 1 3
73 1 21
85 1 1
91 1 18
71 2 25
33 1 1
50 1 11
90 1346 14
39 14730 104523
73 1 25
45 1121 293
47 1 6
81 1 2
7 3587 7670
90 1 1
86 1 26
43 1 4
46 1 12
29 1 15
63 1 5
39 1 18
36 155 205
38 1 10
11 1 29
60 19 43
48 1 11
54 1 3
53 1 17
59 1 4
33 1 19
47 145697 228509
98 1 12
43 265 62
38 1 24
30 1 12
25 5721 55661
20 1 21
35 1 10
81 1 16
96 7239 6155
27 1 24
55 1 0
15 1 25
62 1 28
28 1 9
56 1 7
97 38665 10975
94 13489 1341
66 107 29
74 1 3
36 1 8
32 1 37
28 2518 395
76 1 7
40 1 0
99 1 10
42 4828 1336
93 1 4
72 1692 770
60 1 29
84 1 6
15 1 11
84 1 23
21 1 9
24 1 28
83 1 5
24 1 11
94 1 4
67 2 31
28 1001 4042
49 1 18
42 441 33
4 1 6
63 1 20
85 7 16
66 1 5
58 1 0
99 1 4
86 1 18
11 20613 2684
60 1 5
73 1 12
14 1 24
62 1 26
18 1 6
62 3 42
98 1 19
62 1 21
33 1 3
81 1 6
55 1 12
85 1 32
20 1 9
43 1 13
83 1 6
95 1 0
33 1 25
49 1 7
83 1 19
29 1 13
95 115 932
34 6 14
93 1 16
60 1 40
24 1 18
92 1 1
2 1 11
2 1 2
62 1 29
56 1 2
30 6214 1543
85 1 3
14 1 15
32 1 36
6 3 6
11 1 11
44 90 65
93 1 5
8 48 21
33 1 0
63 1 21
44 1 2
50 131 439
65 1 13
56 46 32
42 6 23
14 1 22
43 1 2
30 1 14
28 1 2
21 1 29
9 60 140
78 1 1
47 1 13
18 1 19
21 1 33
33 1 29
26 2 4
84 1 5
65 1 21
81 1 14
18 1 5
38 1 16
21 1 25
0 51323 162362
20 1 2
38 1 17
65 33 32
18 2 21
53 1 8
67 1 17
24 1 4
31 13 39
86 1 5
14 1 14
0 1 1
78 1 2
55 1324 66
31 1 23
20 1 11
47 1 15
14 1 4
38 1 22
32 1 17
56 1 23
77 15 43
55 1 4
35 1 2
75 1 15
82 2 21
32 1 14
76 1 33
41 3 9
33 74 40
26 11 289
59 1 3
71 1 5
63 1 8
62 1 22
98 1 13
21 1 18
94 1 2
47 1 9
60 1 0
21 1 14
35 1 11
6 1 3
83 1 20
83 1 18
37 90 30
1 19 12
33 1 15
55 1 14
36 9851 15259
83 6161 836
56 1 12
14 1 17
95 481748 386334
5 29405 17090
93 1 10
31 1885 1908
53 188 195
78 1 11
93 1 3
24 2 36
48 1 10
79 721028 83828
50 1 6
35 544116 194822
59 1 2
38 1 0
28 19 36
90 1 8
10 27020 7019
93 1 18
14 17 108
99 84223 266636
86 1 13
65 1 7
42 1 16
48 1 0
0 1 27
29 1 1
99 1 13
82 42609 19949
65 1 9
75 1 10
54 1 0
43 1 29
53 1 18
12 1 0
30 83958 544088
0 1 18
99 58320 84462
78 1 30
22 5 18
99 1 23
2 2049 1960
77 1 18
48 1 4
20 1 34
15 1 21
4 1 11
45 109465 372983
85 2603 211
32 1 29
86 1 34
91 1 26
22 349 200
60 1 16
2 1 18
31 1 1
27 122938 83634
21 1 8
43 1 14
10 2 2
90 1 0
21 1 22
40 1 5
33 1 18
48 3 35
80 1 1
62 1 8
0 10 108
42 1 3
27 1 12
62 1 10
53 1 5
30 1 17
14 1 6
77 1 25
99 1 20
67 1 18
98 1 11
50 1 10
29 1 6
41 21 64
30 1 28
91 2 37
24 1 8
2 1 6
34 61728 77217
39 1 0
91 212846 563747
55 1 5
62 67 394
31 1 16
86 1 7
74 1 14
38 28 259
37 639551 308873
71 1 9
36 1 4
77 1 9
27 1 0
98 1 25
45 1 3
63 3 26
20 1 38
31 1 19
33 473 4813
36 1 7
99 3447 461
33 1 8
58 624963 125737
31 55 270
27 1 20
86 205519 88363
15 1 2
40 4406 1205
43 1 34
93 1 15
53 1 12
4 1 8
22 1 4
32 1 0
74 1 1
65 1 24
73 1 20
33 1 6
11 1 3
78 41989 49651
22 344252 64626
65 1 0
20 1 17
53 1 7
38 1 25
35 1 5
37 1 0
94 36 33
81 1 33
35 1 1
91 1 6
55 1 21
91 1 21
83 1 11
77 228 301
62 2 34
42 1 10
43 1 10
12 1 7
97 1281 595
92 897 91
59 1 7
22 1 10
86 1 23
78 1 25
62 1 24
46 1 10
12 68308 60445
67 1 16
55 1 15
70 1 12
53 1 31
24 1 14
98 444486 51109
93 8 80
70 1 8
53 1 15
67 373141 359928
83 1 7
33 1 32
67 1 2
24 1 12
26 1 1
21 1 11
89 1 7
1 45451 761116
91 1 23
98 11 31
67 1 19
0 1 2
30 1 7
94 1 3
80 1 5
67 1 8
43 1 15
52 72156 748805
12 6 15
15 1 17
11 1 28
21 1 17
21 1 21
14 1 7
70 1 14
74 1 12
35 1 14
74 1 10
65 1 11
18 106 454
97 1 6
32 1 13
35 21 29
23 167057 13887
1 3 2
66 37177 950
91 1 16
91 1 1
0 1 3
41 5146 1994
11 1 41
27 1 3
21 292332 229351
30 1 20
56 507 558
27 1 13
36 14 44
48 1 19
69 87 2177
28 1 3
18 1 1
97 1 20
97 1 11
38 1 27
78 36 56
84 1 25
24 1 5
81 1 34
35 1 12
91 1 20
94 1 13
18 1 18
27 1 38
46 3 13
20 1 1
41 37 18
89 1 5
53 1 27
63 1 7
47 1 4
31 1 28
73 1 24
39 1 15
89 1 15
33 1 16
86 1 4
47 1 26
39 1 31
29 3 21
92 2510 54266
54 1 2
11 1 33
50 1 17
29 64 87
94 1 1
89 1 4
44 1 1
83 1 13
49 1 16
46 1 5
56 219 108
20 1 36
50 1 20
71 1418 373
86 1 10
82 1 1
89 1 6
75 1 6
62 1 15
91 62 100
56 1 6
4 1 7
80 2 12
75 1 1
84 27 29
32 1 38
21 10 2619
43 1 25
15 9 52
95 1 1
45 46 85
58 3821 13063
12 1 2
27 1 35
54 1 15
21 1 27
86 1 24
86 5 47
14 1 27
50 2 21
81 21 60
21 1 26
48 1 2
98 1 24
70 1 9
93 1 19
50 1 4
24 1 23
30 1 23
11 1 9
63 27392 27092
33 1 11
97 1 1
62 1 13
38 1 31
77 1 39
47 1 27
47 1 0
65 1 1
63 1 11
45 1 12
78 7229 33776
20 1 8
14 1 18
77 1 36
28 274889 345330
54 1 10
12 1 5
54 10216 7138
15 1 16
65 1 23
29 1 3
31 1 34
37 16939 50885
66 2 7
60 1 22
80 1 8
31 52896 166190
68 102 9
86 1 30
21 1 2
73 1 10
61 62271 141992
44 3 3
14 1 20
16 448084 195856
42 1 2
27 1 39
75 11 19
79 652 70
89 3 24
33 1 7
49 130685 7925
60 1 8
71 1 13
18 1 4
83 1 14
81 12096 113
67 1 14
29 1 14
13 5483 35588
49 1 9
39 1 10
42 1 20
9 1 3
70 1 11
99 1 1
4 1 3
42 1 14
27 1 40
38 1 12
98 1 27
99 1 24
56 1 13
99 1 17
68 1 2
30 49947 13725
84 1 3
77 298 1991
2 1 20
82 1 8
31 1 2
82 714 1499
49 1 23
4 10 20
93 10498 1840
22 1 16
15 37 62
48 1 22
2 1 8
55 1 19
53 1 11
86 1 32
70 1 10
42 1 19
2 1 3
2 1 25
81 1 23
39 1 21
77 1 32
29 1 2
31 10 81
91 1 19
80 1 2
74 1 5
77 1 26
53 53258 31918
73 1 28
42 1 13
22 23 45
58 1 8
65 11404 19719
36 1 11
56 1 15
21 25963 110639
73 1 3
21 1 23
5 2483 1284
71 1 12
78 1 32
41 3 6
54 1 4
37 30867 4947
80 5 14
81 1 24
11 1 24
32 1 30
92 1 3
80 1 0
40 1 4
89 1 16
32 1 15
49 1 8
22 1 9
49 2 26
22 1 15
71 1 11
29 1 4
41 1 0
42 3 30
36 31350 30098
29 1 12
97 1 21
73 1 15
63 1 18
63 1 16
31 1 26
82 47 520
60 1 25
50 528423 35520
78 1 10
41 3753 109755
83 1 10
43 1 19
77 1 20
81 1 29
32 1 2
60 1 15
95 4 3
70 29838 202842
69 38 20
74 123253 58576
67 1 21
43 1 0
99 1 6
73 116 159
0 1 11
27 1 37
12 1 10
24 1 13
32 1 8
26 3 8
93 1 2
67 1 25
35 1 13
84 35802 79057
4 1 1
31 1 11
71 1 15
73 1 13
29 1 0
24 1 0
61 35 298
97 2 22
86 1 36
92 4 11
33 1 12
21 1 13
77 1 13
43 480 478
7 1 3
15 5843 664
90 285763 109404
46 188 45
86 32023 17966
66 1 3
20 1 31
31 1 4
20 1 35
60 1 27
70 29 19
91 1 5
99 1 19
77 1 8
50 1 13
1 1 1
26 5159 9257
60 1 13
37 1 1
60 1 11
91 1 32
32 1 1
46 1 0
73 1 2
92 2 9
56 2 26
75 1 4
18 1 14
43 1 5
92 1 7
99 1 29
42 1 4
86 1 8
60 1 19
81 1 21
49 1 12
39 1 4
84 40332 9546
65 1 4
40 529045 44018
39 169 3308
45 1 6
29 10 77
32 1 6
83 1 15
24 1 102
48 124172 73767
45 9 21
0 31300 130646
0 1 10
13 21507 3319
32 1 42
21 1 24
84 1 12
83 1 4
21 1 16
33 1 17
74 1 4
60 1 6
50 1 12
11 1 2
90 1 3
81 1 0
71 635812 119198
91 1 25
32 1 41
67 1 10
78 1 28
27 1 11
8 2 2
60 1 24
93 1 9
78 1 6
81 1 35
41 1 1
45 1 10
33 1 4
84 1253 5597
32 1 28
78 1 5
63 2784 174
48 1 26
15 1 14
4 1 10
46 4465 47947
99 1 9
74 113706 784405
2 1 19
47 1 24
65 1 5
55 454200 3982
61 11017 34819
63 48 79
73 1 16
98 1 15
48 12 42
77 1 23
77 218527 108191
45 1 8
50 1 19
81 1 8
5 720 9674
98 1 14
30 1 26
18 1 13
56 1 9
2 1 13
98 1 7
36 1 26
37 23 4913
43 1 36
17 3852 4787
33 1 26
68 115 191
65 1 15
8 7 15742
40 1 2
62 1150 825
93 1 11
27 7785 2846
43 17 38
6 326354 287162
74 149 2397
43 1 9
77 1 6
86 1 15
38 1 32
60 1 21
30 1 19
24 1 27
67 1 4
55 1 23
8 579992 258380
9 9 14
27 1 43
47 35 122
84 1 17
86 1 21
31 1 20
94 1 6
6 1 1
66 669533 153714
39 1 17
91 1 13
39 1 19
63 1 10
78 1 20
65 1 8
75 1 3
9 348857 421269
49 1 22
71 1 20
76 1 0
50 301 5475
86 4872 7907
71 1 19
26 1 0
77 1 22
66 3 10
86 1 31
83 625 83
14 6 65
67 1 6
89 3037 24380
73 1 27
92 15 15
46 1 7
0 1 6
75 2 17
85 1 0
36 2398 3608
24 1 1
34 85 135
62 1 4
27 1 27
77 125 906
81 1 1
89 1 9
84 1 14
77 1 38
41 47206 9260
4 1 2
14 1 13
78 14 33
65 1 27
38 1 4
12 1 9
36 1 19
24 1 19
75 1 0
54 6 21
11 1 35
81 1 13
13 19 7
68 1 7
55 1 9
92 1 2
33 1942 1979
81 1 31
48 1 32
43 1 20
24 219872 420841
20 1 18
15 1 35
2 1 15
71 1 0
78 355 103
78 1 27
11 1 21
49 1 24
20 1 30
48 71 278
30 1 29
18 1 16
47 1 14
74 322 24
84 1 2
7 617 132
84 1 4
56 1 20
55 1 1
47 1 16
99 1 22
55 1 20
14 187384 39630
16 663 394
11 1 15
47 11 34
72 9 4
18 1703 44848
67 1 26
27 1 21
31 26 96
20 1 28
36 1 13
20 1 5
45 1 1
48 1 8
39 1 5
45 1 11
99 15 46
7 1 0
20 1 22
71 1 14
68 1 0
48 1 16
86 1 1
56 1 16
95 5386 1620
30 1 3
20 2 39
31 1 9
11 1 20
93 1 8
86 1 27
98 1 26
11 1 13
73 252 506
98 1 20
97 1 12
86 1 0
81 1 4
67 1 0
33 1 20
59 1 1
44 1 0
43 1 16
37 616 404
27 1 15
26 436 334
32 1 3
81 1 19
11 1 17
47 1 7
15 1 10
22 1 12
4 1 4
59 1 5
55 1 2
77 1 33
71 1 18
20 1772 79
24 3605 1781
31 1 21
31 1 27
62 1 3
96 1374 4463
69 518 342
81 1 40
15 1 29
78 2632 3447
12 1 4
32 1 5
58 1 2
93 1 23
78 1 29
24 1 20
43 1 32
84 56 63
40 1 60
89 367975 165534
93 1 12
68 53784 21898
55 1 18
27 1 9
27 1 19
75 330159 485509
60 1 17
28 1 8
70 1 13
46 1 11
10 2 6
26 632 4114
58 1 7
76 1 3
11 129971 30242
25 1169 14323
81 1 30
97 160 83
56 19584 60184
38 1 20
49 1 17
38 1 9
43 1 24
67 1 7
99 1 3
67 38585 3977
53 1 26
99 1 21
97 1 4
48 1 31
20 1 26
46 1 4
68 1 4
62 1 30
49 1 4
78 1 12
15 1 7
55 1 17
46 1 3
54 70 29
30 1 24
11 1 36
81 1 3
9 1 9
39 1 22
39 1 8
34 442333 251248
95 2 30
26 683 3394
86 1 12
78 1 18
86 1 2
21 1 31
77 1 4
24 7 72
86 1 22
60 1 26
66 105 228
90 1 4
83 1 8
49 1 10
46 1 8
22 497 1331
68 1 8
30 1 22
13 2 34
63 1 2
58 1 5
34 4 4
74 1 2
21 1 3
42 1 8
60 1 36
8 279 195
48 1 15
89 1 2
39 1 11
97 28 40
83 1 17
13 426 575
56 1 24
86 2 37
98 68 84
33 1 31
4 1 5
17 16347 11138
61 303 1345
42 1 17
43 1 30
31 1 6
33 1 14
46 109 7346
18 1 3
47 1 28
99 1 0
38 1 21
90 4425 9705
28 1 4
56 312690 159614
99 1 2
24 1 7
21 1 30
77 1 11
78 1 16
53 1 21
48 118 55
50 1 8
12 6 34
43 1 22
28 16 16
70 1 2
48 1 14
27 2824 14422
99 1 14
35 1 8
32 161 150
82 186472 364593
22 1 11
91 1 11
80 8199 15870
18 673393 136537
97 1 5
98 1 2
99 1 11
91 1 8
24 1 41
32 1 16
21 1 20
65 1 2
48 1 1
20 1 15
35 14448 100001
38 1 2
75 1 11
33 1 33
39 1 12
15 1 22
84 1 8
53 20447 478367
48 1 34
75 1 14
2 1 16
49 1 1
65 1 20
77 1 24
73 1 4
31 1 31
54 1 11
30 1 21
73 1 14
97 1 10
60 1 14
63 1 14
31 1 36
93 1 14
31 1 13
24 1 26
32 5790 11550
75 1 7
29 715 1065
15 1 8
74 1 13
97 1 14
65 1991 125
43 1 21
74 1 8
37 1 3
37 24 137
81 1 22
73 1 18
56 1 18
98 1 23
42 1 0
31 434991 449614
67 1 20
15 1 9
30 1 11
36 1 6
15 1 28
48 1 9
58 1427 2847
38 3314 4880
42 1 21
65 1 12
99 1 27
78 1 26
28 1 1
65 1 28
27 1 30
32 1 18
43 1 28
73 1 0
76 1 1
91 1 4
55 1 22
11 1 1
76 59 79
98 1 18
60 1 4
77 1 3
56 1 5
86 1 33
38 1 23
46 1 6
12 1 6
65 1 10
47 1 20
11 1 38
48 1 5
82 1 9
11 26 42
49 1 5
99 1 5
1 5570 699
9 314 243
78 1 3
75 49 31
68 1 1
79 18157 65641
73 1 29
27 1 25
32 1 20
31 1 12
38 23 49
36 1 10
74 1 11
62 10175 61971
63 1 3
20 1 12
14 16025 14637
81 1 9
54 1 13
11 1 10
63 1 17
64 50 74
31 1 15
30 216 222
34 235 439
56 7406 23905
91 1 10
30 1 25
42 1 6
2 1 4
86 1 9
45 1 7
81 1 25
11 1 6
18 1 8
1 221 343
29 9 27
28 63346 274918
91 1 28
65 1 17
68 1 3
20 1 6
89 1 13
63 1 23
29 1 7
71 7510 84090
48 1 12
55 1 16
54 244 685
48 1 25
39 1 6
81 3 41
86 3448 3346
70 1 4
67 2 28
47 1 25
61 198 362
32 1 33
11 122677 248287
18 1 15
75 1 2
32 2592 2364
45 1 9
14 1 16
39 1 2
40 1 9
15 1 30
73 4 43
27 2 41
44 10 10
20 1 27
89 1 14
98 1 9
15 187 217
80 33 76
68 1181 6487
27 1 5
20 1 13
73 1 1
53 1 16
24 1 22
99 1 25
92 2682 2700
30 1 10
20 168856 143018
64 2 1
63 1 19
36 1 14
14 6 30
18 1 12
75 1 13
94 327393 126231
18 1 11
21 20 1049
82 1 5
62 1 5
38 1 14
15 1 24
55 1 10
62 1 33
11 1 30
48 1 33
38 1 29
89 1 18
17 113831 63667
22 26624 6696
27 1660 171
64 3 66
35 1 9
2 1 9
97 1 0
43 1 33
62 9 67
47 1 5
36 1 1
32 1 24
50 1 16
21 56 153
32 268146 22713
84 1 9
81 1 20
77 576 58342
12 6680 2070
67 1 13
43 1 23
33 1 2
89 1 17
15 1 0
65 1 22
31 1 7
89 1 19
47 1 18
60 1 12
36 5 28
53 1 13
11 1 14
28 5 10
56 1 3
20 1 29
62 1 31
45 1 2
56 1 17
58 220 140
31 1 24
49 1 11
30 1 18
71 1 1
97 1 13
67 1 3
32 1 23
38 49 100
81 146437 319160
37 11540 190670
24 1 15
10 4931 192
74 12258 43195
43 1 17
53 31781 111091
17 481803 383653
68 2822 9435
49 1 3
21 1 15
32 1 27
84 1 21
11 1 26
24 1 25
43 1035 1752
40 1 1
50 1 5
38 1 5
33 1 23
77 1 10
45 1 0
91 1 27
41 655 255
67 1 5
22 1 14
55 1 8
48 1 6
33 1 28
62 1 0
18 1 7
77 1 17
47 1 1
22 1 6
99 15728 10110
71 1 16
64 654260 163209
53 1 2
93 6 47
89 1 1
9 2 1
15 1 4
63 1 13
7 51892 56653
31 1 32
81 1 37
73 1 5
11 166 124
60 1 41
69 1251 2386
4 5 13
59 1 10
84 1 28
86 1 16
58 1 3
58 456 514
86 16 67
59 43480 12639
27 1 18
27 1 7
79 47839 12458
78 1 4
77 1 19
71 1 8
37 1 2
91 1 24
82 1 6
21 1 1
36 1 0
21 1 28
65 1 25
24 1 17
56 3241 6616
94 1 0
7 679800 133685
28 1 0
11 1 25
15 1 3
70 86929 7117
20 1 23
43 3707 6551
38 1 26
44 2 7
60 1 31
83 1 1
84 1 0
33 1 34
26 25398 24031
54 1 9
77 1 35
51 320305 110540
28 135 86
21 1 12
71 10 204
27 1 14
91 1 15
39 1 23
29 1 11
60 1 35
22 1 17
79 4019 737
11 1 5
21 1 5
91 1 2
37 142 215
52 3165 5431
58 1 1
86 1 28
32 1 34
33 1 21
9 1 0
97 1 2
32 1 19
67 673 2299
36 1 9
89 10 32
91 1 22
38 1 30
78 1 14
48 1 27
43 1 3
47 1 2
78 1 23
20 1 3
18 2447 787
53 1 23
84 1 20
48 1 13
97 1 9
27 1 8
84 1 22
1 1 0
53 6 32
32 1 10
36 1 23
81 1 26
30 1 8
84 1 11
20 1 33
55 1 7
31 1 14
21 1 4
99 1 8
25 36791 937905
15 1 6
63 1 15
32 1 9
65 1 6
92 1 4
20 1 24
21 1185 1089
81 1 36
54 1 1
26 125 95
20 1 4
82 2 12
56 1 21
0 1 0
73 1 9
97 2 27
81 1 32
34 4168 735
0 273250 316330
91 1 30
77 1 2
86 1 11
82 1 0
6 1 0
0 1 20
23 3245 8570
47 2 32
50 1 18
32 1 25
45 29 34
9 2718 630
38 3 37
73 1 37
70 4643 1239
7 57 19
36 11 161
0 111393 10790
27 1 23
48 1 23
21 11 34
0 3211 282
91 59501 14920
97 1 16
93 1 1
80 1 9
86 1 39
69 40763 7807
33 1 9
27 1 32
2 1 5
70 2 17
74 2098 3907
46 1 2
36 690 470
59 9949 106
47 272 175
43 279793 15433
56 1 22
56 4480 10607
15 1 27
36 1 21
11 1 32
71 1 17
27 1 33
38 1 19
78 1 31
69 33371 55532
36 1 16
26 23697 166205
94 1 7
77 1 31
80 437864 25162
14 1 25
93 1 25
42 1 15
60 67092 34637
60 1 1
48 1 29
93 1 6
83 1 9
62 1 19
42 1 12
11 1 23
90 584 1417
47 1 3
47 1 21
2 1 1
18 1 2
97 1 24
92 128700 139937
65 1 29
98 15920 821
84 1 26
34 702 12545
29 1 16
43 1 35
56 1 4
29 1 9
60 1 39
89 1 3
38 1 18
91 1 31
66 1 4
77 1 16
35 1 0
78 1 17
21 1 0
56 1 0
63 1 24
60 1 20
48 1 30
56 1 28
43 1 27
4 1 9
89 1 8
15 1 26
84 1 27
46 10059 24372
42 784289 61821
46 24 18
93 3 36
24 1 10
22 1 0
14 1 10
91 1 12
86 1 14
84 1 10
36 1 24
53 65 44
70 299189 550227
18 1 0
91 1 35
29 447756 226378
31 1 37
15 1 19
32 3 49
12 1 8
86 1 17
20 1 16
64 5 6
38 1 3
0 1 13
54 1 12
66 10 18
38 259 1073
92 1 5
84 1 13
86 1 3
26 586902 250290
81 1 17
49 1 0
75 1 5
67 1 1
83 1 16
59 1 12
62 289906 117089
65 1 26
81 1 15
47 1 8
31 1 22
75 1 9
4 882840 61999
2 315618 119683
32 1 4
15 1 13
9 15977 9110
84 1 24
37 7 12
49 59 50
45 1 5
89 1 20
81 1 39
22 1 8
73 1 11
36 1 15
77 1 5
30 1 30
93 226424 48657
99 1 16
22 1 3
70 1 6
37 2 4
24 1 21
63 1 9
83 1 2
35 19839 11206
16 98 18
36 1 3
77 1 14
35 5 16
65 1 19
32 1 11
11 1 12
92 1 8
39 1684 3635
11 1 37
62 1 18
53 1 19
0 1 24
55 924 2484
18 1 20
0 1 12
1 44769 12158
30 1 15
53 1 4
28 3893 7643
60 1 3
2 1 14
36 406550 384369
14 1 21
7 5 8
56 1 10
39 1 16
45 1 4
55 12 26
21 1 32
93 1 22
93 1 7
24 1 24
16 166355 26164
54 1 6
0 1 9
83 6 59
40 1 8
30 1 5
65 1 18
47 61868 18033
73 1 8
39 1 14
78 13521 10909
82 10341 8578
78 1 19
30 1 0
85 7 7
22 1 2
31 1 29
15 1 5
65 1 3
59 1 11
30 1 31
25 33182 16918
66 1 6
98 1 22
54 1 7
60 1 23
58 253 9171
26 2 6
92 1 6
0 1 15
91 1 17
62 1 2
44 21 27
36 1 22
56 1 11
98 1 8
62 1 1
93 1 13
27 1 28
22 1 1
20 17 52
85 44752 3085
2 2 21
86 602 1247
71 1 10
78 1 8
38 1 8
27 1 36
30 1497 7787
18 1 17
89 1 29
74 1 0
34 107 26
50 1 0
43 1 8
43 1 26
73 1 17
32 1 32
54 1 17
4 16287 16837
84 1 1
62 233 79
60 1 38
4 1 0
2 205 1042
47 1 11
63 1 12
80 1 6
62 1 16
68 1 5
80 2604 962
31 1 8
62 1 11
71 74 30
48 1 21
43 1 11
29 3110 50338
73 1 30
93 24584 12984
63 1 22
53 1077 5371
99 1 12
83 12761 7163
83 1 3
60 1 2
53 1 9
71 32233 7572
47 1 22
60 1 30
36 1 5
35 1 7
2 1 17
48 1 28
54 430 99
55 1 6
80 1 4
21 1 6
56 1 14
58 7476 19600
53 384 1716
32 1 22
61 52017 55783
97 253759 737078
33 687251 30930
13 273 80
73 10 53
7 3 5
62 1 27
15 1 34
58 4 9
59 10 18
48 1 18
31 1 3
7 1 1
76 1 2
59 1 0
