100 1609 1000000
0 51 34
18 1 2
45 44 429477
38 1 2
22 100 3838
79 1 8
90 57 2612
79 59 3733
92 1 5
94 1 1
66 1 2
58 13 2
76 1 9
3 1 16
79 1 1
95 44 105
74 67 12796
89 6 3
67 18 3115
58 27 2718
2 1 8
84 45 380
51 1 10
88 1 9
65 1 9
45 1 13
14 91 23837
35 22 1834
65 2 11
24 6 594886
84 1 4
1 1 5
69 8 230
41 81 177332
53 1 3
49 1 1
48 45 96062
28 1 1
17 51 84771
55 42 1396
42 1 6
50 80 42457
40 1 6
60 1 1
75 47 87
80 72 102900
9 1 13
20 54 875349
43 1 8
70 92 164886
51 1 15
45 71 61348
43 27 5393
78 42 3601
70 1 4
40 1 4
52 80 2115
19 13 156
78 1 2
38 14 33
64 85 592810
53 41 3761
30 75 1534
5 51 10878
84 1 2
66 1 9
43 1 10
32 1 5
60 1 9
26 21 3259
11 1 0
31 7 9
46 1 0
74 17 873
40 1 3
69 47 2794
69 1 9
38 1 6
69 1 8
90 1 2
10 50 303122
56 70 7277
51 19 42
13 8 2180
44 1 4
3 1 9
91 1 5
50 1 3
32 25 179339
5 45 414
92 1 1
91 36 75
72 1 1
61 1 5
84 60 33
5 1 5
16 1 10
14 33 12
13 80 74
88 83 1024
25 1 2
86 1 8
45 1 8
72 41 502
2 1 5
5 82 790287
30 5 2
77 34 486057
17 79 9569
25 33 385
5 1 12
10 3 16
25 58 635155
79 63 31
78 1 16
36 1 9
9 2 18
20 1 5
51 90 75473
58 1 1
2 1 7
27 89 49
78 1 5
88 1 17
5 1 1
64 28 2014
55 22 9915
81 69 5097
10 1 2
84 1 0
96 57 4372
59 58 10093
72 1 10
63 82 1778
27 33 78931
63 1 1
92 93 2586
37 97 3972
74 1 3
96 62 162
91 1 1
53 1 8
28 1 3
9 1 11
81 26 150
60 33 95689
40 54 530111
24 12 329
21 20 512887
0 1 0
37 1 0
76 1 13
26 46 173405
73 15 124
66 20 1178
93 1 6
53 91 12326
63 1 11
11 1 8
13 17 189028
3 1 14
54 40 43516
4 1 1
33 13 545
55 56 777
27 99 210
6 15 24466
29 88 6891
20 1 7
32 1 4
35 22 6210
6 33 8125
65 1 2
16 99 302378
56 1 3
79 1 12
60 28 39675
40 40 410
69 88 374315
61 91 3373
16 1 2
29 8 5388
51 1 0
60 1 13
58 83 205
10 1 0
58 50 10139
11 1 12
38 96 194
5 15 2009
91 1 7
24 71 35733
83 88 6505
78 1 14
83 46 609066
88 1 4
40 98 29073
93 35 906
9 1 3
27 62 41354
78 54 473091
9 1 16
45 93 53183
18 2 11
20 1 3
23 56 927
18 1 3
74 1 4
8 85 6160
88 1 1
8 60 605015
84 30 2384
11 1 4
83 21 148
4 7 65141
86 1 9
60 46 1701
38 1 10
88 95 368115
2 1 2
69 58 2990
92 1 3
61 1 0
88 55 107
35 75 351504
41 73 898
63 61 43079
27 1 9
11 63 112
69 18 13
11 1 18
8 37 122181
24 72 914
42 48 29719
46 1 10
49 1 5
3 1 0
90 1 3
70 1 2
66 1 11
18 67 33
28 1 2
36 1 0
66 4 18129
12 37 91113
88 1 12
88 1 7
53 1 5
20 32 513
53 1 0
1 5 93227
91 11 16100
45 41 143505
77 93 499477
43 16 657160
63 3 132
53 1 12
65 91 1684
46 50 294642
3 95 34613
21 85 215095
19 1 12
42 7 12
46 1 4
46 55 242
66 1 5
40 1 2
11 1 6
39 75 156871
9 1 2
93 1 3
43 1 11
53 1 13
19 27 101
38 71 46069
75 58 1902
75 54 3057
54 73 327314
11 7 33
78 1 15
39 1 1
18 1 10
66 1 1
3 86 59553
20 27 186798
34 62 7291
4 37 663454
34 32 23963
91 1 16
86 1 4
63 1 5
26 31 149458
65 76 183
35 2 1507
44 29 54
28 47 236595
76 1 5
19 1 7
92 49 47
13 72 449594
65 14 28
69 1 1
48 1 1
83 1 0
1 1 3
32 1 9
0 1 3
88 55 76560
20 2 9
81 90 941
85 46 274873
4 1 5
74 1 5
28 41 100189
66 1 13
11 1 10
22 33 841
72 1 16
84 79 936130
66 1 15
64 1 1
32 20 6773
64 7 17
29 49 20318
93 99 394
20 88 1182
11 90 1192
17 32 365039
56 94 2341
53 1 7
49 89 142716
36 1 13
32 94 814471
93 1 2
79 71 507
43 1 0
11 1 7
98 20 456599
96 66 8965
93 1 14
72 4 14034
86 2 13
80 52 49
16 1 6
13 30 59549
72 1 6
18 13 8848
27 7 10
88 1 3
59 1 12
43 33 1260
4 1 9
96 36 47734
72 1 14
42 1 1
49 62 212
58 79 9373
5 1 4
9 1 14
27 20 22495
91 6 23
16 15 590039
42 26 1620
56 1 1
1 2 6
78 25 2250
9 86 248
43 1 9
1 1 0
80 2 13
95 17 10
2 24 6896
5 1 6
46 1 1
9 1 1
67 3 186770
10 20 867969
96 91 95476
22 1 1
63 1 0
32 55 671756
76 1 4
5 2 27
34 35 493
76 1 7
61 38 1724
69 23 134577
28 1 5
76 1 1
20 1 6
20 51 19
67 5 124289
61 1 2
86 1 0
44 1 0
3 1 7
13 65 190496
84 1 7
88 1 16
71 68 48190
22 2 18
90 8 14
7 36 358456
57 45 40520
74 70 304
29 46 908741
11 1 14
8 23 7
30 46 12363
19 25 969
27 12 4611
20 1 4
84 82 994
42 1 5
59 1 6
14 85 8255
74 77 3248
58 12 4825
49 6 6
65 40 557529
86 1 2
79 1 3
70 73 254344
52 1 1
25 25 27
47 55 52310
76 1 2
2 1 12
66 14 18
88 1 10
33 96 6347
74 1 8
3 1 10
52 1 2
48 1 4
52 9 82689
7 100 10714
45 61 3333
47 70 352186
27 54 6323
80 24 18952
53 1 1
61 1 1
94 17 3454
56 1 4
74 1 72201
91 1 14
70 1 3
94 30 685516
6 6 371903
5 62 8334
73 1 0
5 1 11
84 62 14456
75 62 217
5 6 680718
60 1 0
80 1 5
72 1 8
59 1 2
19 50 406478
69 85 250219
9 1 5
39 80 306389
19 1 9
41 3 363
93 41 66
37 2 3
36 1 15
78 1 10
33 55 71972
9 1 12
13 97 38516
53 1 11
69 1 4
23 2 7
61 25 1669
10 4 11
69 1 3
28 71 1460
7 4 40027
13 1 3
96 2 8
73 32 1222
78 1 12
5 1 8
31 2 248903
91 1 17
56 1 0
2 21 236240
72 10 183
83 40 3959
56 3 14
78 1 7
84 1 3
52 65 14663
95 1 1
41 1 4
57 83 10260
91 1 13
18 95 150
90 66 10056
92 3 5573
60 1 2
88 73 14580
32 1 6
93 1 12
91 99 70312
40 67 79
44 3 5
93 1 1
25 1 8
11 1 13
0 16 764
55 38 2060
36 1 1
8 71 42
94 39 1206
3 1 22
86 74 168160
71 2 7753
4 1 6
65 1 4
52 1 6
37 90 343558
86 1 42276
37 2 1
25 1 6
41 1 8
20 77 117887
78 36 994365
80 1 3
8 27 181188
80 60 154
9 36 35282
80 3 16200
66 1 12
60 28 18729
26 16 33095
31 79 40
52 1 0
18 37 3744
58 57 395485
5 98 4672
53 1 9
59 1 13
96 69 568742
22 83 1377
38 4 20
90 1 7
18 1 7
7 94 113
53 51 201
90 50 483604
44 1 1
35 53 283
78 60 111072
19 2 21
73 1 1
66 1 7
83 35 50
70 1 1
78 1 4
13 45 3461
30 20 7251
51 4 18
89 69 11170
40 53 632230
14 88 3307
9 1 0
86 1 6
61 43 705
93 96 2106
23 65 340
1 1 1
25 1 1
93 1 5
5 1 3
33 13 1056
71 24 41498
37 9 630
30 2 126859
39 75 826
78 1 3
79 10 200875
46 5 15
56 1 5
49 1 4
28 42 190455
42 16 569
93 1 0
70 40 4332
80 60 3837
72 15 3661
14 8 2
66 34 242
18 26 1447
28 1 0
16 3 11
60 1 11
97 65 6540
78 1 11
30 1 1
3 5 64
26 34 571313
59 93 508
4 1 12
12 75 20106
91 1 3
32 78 768
69 17 998950
73 61 5280
1 5 49
60 8 463075
0 1 6
4 68 24
71 1 0
72 55 254
66 4 108
88 1 8
64 54 105398
0 1 177566
60 1 8
19 1 4
60 1 7
5 4 13
91 70 176124
91 1 12
39 1 0
15 71 194242
69 1 0
57 88 11692
44 94 1754
94 1 7
95 43 93248
95 1 0
22 19 212
78 25 20511
36 16 480837
55 68 157009
74 1 9
32 19 1868
61 98 495073
15 74 968
4 1 8
25 2 17
39 19 856450
66 1 14
7 35 72
59 1 14
1 94 9352
43 1 12
66 48 628781
38 1 4
49 9 15
66 8 755777
93 1 4
31 20 786497
63 86 38
17 48 554391
66 1 8
20 78 154155
40 97 209
33 94 298600
94 1 9
64 58 148739
22 1 0
96 1 2
22 17 20
6 49 3968
51 1 12
13 9 66865
70 75 3919
39 48 1379
45 1 0
83 39 396
43 1 4
42 66 1734
22 64 6945
69 1 2
42 1 9
39 17 6
91 1 0
52 64 393
95 76 4768
38 1 0
28 24 1596
64 16 51
86 62 6014
79 33 11417
52 99 72
65 44 4798
78 26 17
64 2 87690
38 1 12
6 23 14530
5 34 10223
36 1 14
2 24 44
11 1 1
53 1 4
25 57 6706
92 1 2
5 1 0
14 29 249
77 10 168778
75 28 10019
56 1 6
79 16 136
40 86 2049
39 95 167454
88 1 18
40 60 1700
80 1 1
8 47 2140
29 59 379
59 1 11
0 20 586455
33 39 7525
79 1 14
72 1 12
25 97 55719
71 95 8372
22 4 9
5 1 7
72 1 2
25 1 4
94 1 3
50 1 2
66 1 0
90 17 1977
77 40 100237
41 1 0
36 3 17
25 48 37281
33 80 1966
28 1 4
63 9 536443
52 24 259
67 31 1044
45 1 14
42 44 150360
44 35 243486
2 89 13577
65 21 7598
26 51 1129
38 1 8
22 32 3398
75 86 548
59 1 0
94 1 2
99 51 315147
72 1 3
85 42 310831
84 1 5
3 1 8
39 99 44369
48 29 28209
4 1 7
93 1 8
22 14 680168
50 1 0
14 60 46
76 25 24
92 99 28163
9 1 6
59 1 7
7 1 0
96 1 6
84 79 113894
53 83 2112
25 98 103
13 1 5
70 10 18
53 1 6
77 6 45130
13 100 72046
3 1 15
20 32 757
88 39 2724
69 2 11
83 1 1
41 2 10
49 53 109
53 8 23
24 4 4889
76 1 3
73 74 806
16 1 9
5 13 24431
56 2 17
46 1 6
9 1 9
90 1 4
60 1 6
12 69 2700
28 1 6
4 36 14925
4 19 3198
70 71 807
76 7 4011
45 1 5
36 1 5
92 1 6
19 42 104700
39 81 28904
46 1 7
4 1 11
42 1 2
92 1 0
9 1 8
28 5 37453
51 1 9
48 83 22739
36 1 11
94 32 192
38 1 1
44 31 1309
45 1 2
38 2 13
43 1 1
15 72 247789
1 2 6735
51 1 7
8 1 3
9 1 28
4 1 10
87 81 876710
91 22 30
3 1 2
58 33 854025
72 1 4
50 77 135081
61 6 11161
11 1 16
52 1 4
4 44 2625
0 1 2
51 1 1
51 1 8
90 44 6637
37 17 25325
63 60 27408
18 1 6
88 97 9335
49 89 103614
18 75 1633
76 1 6
84 18 430
77 40 69799
16 1 1
60 40 102
78 18 43
9 58 2512
71 94 20873
72 58 238478
73 29 21
91 1 2
28 1 7
41 64 3097
18 2 13
46 2 12
88 1 6
29 79 3579
59 1 16
27 15 18
72 1 13
20 71 2881
56 1 10
50 1 1
31 1 0
31 33 303031
79 1 4
45 1 7
62 80 790113
16 21 115947
56 1 2
19 1 6
88 1 0
65 1 3
61 1 3
5 98 2590
89 1 16
25 68 474
92 7 9
42 1 7
90 29 221788
36 1 6
8 1 0
38 1 16
19 1 2
40 81 661
46 1 11
56 1 9
19 1 3
40 6 56
51 8 233
97 76 742
96 1 0
84 60 1232
88 7 541
7 2 2
40 58 196890
13 37 175816
58 87 255108
77 42 439851
65 1 1
38 7 145
94 1 6
51 1 17
10 1 4
59 1 4
5 1 9
8 54 1296
79 1 10
41 1 9
42 100 26713
25 66 32849
69 2 66180
90 1 0
38 1 5
52 1 3
84 51 52560
32 64 309
50 41 437
91 1 9
7 16 13
11 1 3
33 65 5923
16 1 0
94 38 811370
65 1 8
50 11 93260
93 1 7
59 25 22
4 97 120338
79 24 21499
84 1 9
95 6 2
16 1 3
11 1 2
21 79 14232
32 66 62910
45 1 16
91 1 15
43 1 7
91 76 190978
57 96 154541
1 94 35101
3 1 13
46 62 38124
91 1 18
36 1 7
71 47 686622
2 1 11
71 30 215371
19 25 472
94 1 0
4 52 654741
37 4 51
2 30 1400
96 95 62689
93 1 9
65 4 22
70 66 500
63 1 7
63 1 3
16 81 25146
42 56 39
44 10 8119
46 32 2391
57 27 630720
86 1 3
22 80 977393
43 49 2437
38 1 7
9 1 15
80 13 1591
3 30 1402
46 25 746974
32 2 11
11 1 17
45 4 17
41 1 3
44 49 7396
40 41 108052
27 2 7
44 1 3
22 6 1072
94 48 15072
30 10 153644
13 26 785860
64 4 7
70 1 5
60 36 33
42 95 5595
0 53 248778
45 1 1
71 3 1
69 1 7
90 1 5
91 1 19
43 1 2
16 27 400053
1 23 11
46 1 2
91 60 326859
94 1 8
56 70 106794
76 99 61545
48 11 17828
85 100 27371
15 59 91806
18 1 5
72 16 108
10 1 1
2 23 4660
4 1 2
78 67 2866
22 2 29468
11 99 81096
45 1 11
93 7 35
20 1 2
32 1 7
16 82 109268
45 1 4
13 16 8
88 1 13
80 1 2
90 100 418480
42 14 20
61 57 118919
17 78 4646
11 7 68145
67 36 68083
50 1 5
1 1 8
3 1 1
90 1 8
13 1 4
94 79 72496
43 5 13
79 4 17
11 1 5
0 1 5
92 1 7
28 7 13
23 1 0
42 1 0
0 1 1
63 1 4
45 36 44011
7 27 164125
83 1 2
40 45 756
17 51 7626
63 83 83845
36 1 10
53 1 2
52 4 8
73 94 16974
66 1 6
4 75 3834
2 8 36
45 1 9
51 1 6
94 3 11
9 1 7
59 1 9
36 63 520582
44 1 2
70 1 6
72 30 207134
91 1 10
93 9 46016
39 1 722216
71 63 26192
65 34 182147
70 1 0
42 41 4423
22 32 1176
43 76 9427
73 1 2
92 1 4337
69 1 5
0 87 100686
45 31 22
9 41 57
16 1 5
42 22 32264
55 53 1302
43 78 4806
27 1 4
40 1 1
34 10 10459
88 46 26
56 23 8977
46 1 9
61 88 2019
48 92 156
14 70 299
41 1 7
38 11 48010
91 1 8
37 44 15042
56 91 8814
52 100 206332
36 1 4
1 33 7003
6 10 449101
79 2 15
23 63 92
59 1 3
36 1 12
61 73 983
60 1 4
78 1 1
36 48 355873
75 60 736215
41 43 1006
61 21 104170
40 26 3464
7 10 39
28 1 8
55 77 39702
25 1 0
71 93 4494
74 1 0
12 91 20792
59 1 18
43 79 611003
43 37 22940
50 87 60
9 1 4
56 1 7
72 1 17
8 1 2
29 95 354437
88 1 5
40 1 5
42 1 8
46 1 8
75 92 107631
16 1 4
5 94 20860
93 1 15
19 1 10
2 1 6
31 26 81768
55 44 5846
31 1 1
43 59 1903
2 56 1186
11 1 15
19 3 16
45 1 3
96 35 101
55 86 2702
72 51 1411
14 1 1
27 61 31974
8 30 2467
8 1 1
92 1 8
61 2 6
89 10 24484
6 40 9880
18 1 8
92 1 4
40 2 13
76 27 460
45 1 10
78 1 9
51 1 2
5 33 354
59 53 52
8 1 5
59 1 8
45 69 1855
93 1 10
31 28 542585
7 1 1
43 57 1066
53 16 31
88 1 11
59 1 17
44 78 4107
3 1 11
25 1 5
33 9 8117
88 5 21
32 1 0
13 1 6
60 1 3
51 1 3
79 1 5
43 1 3
9 55 436721
14 5 782
70 50 28177
71 46 25111
89 98 98
90 1 1
10 2 5
22 43 46
1 1 4
36 1 8
20 61 212
76 32 482367
46 97 6717
18 1 0
32 54 62443
59 4 12311
58 3 329
97 82 149451
79 1 7
16 1 8
95 15 4045
18 93 90363
42 81 755
27 1 3
28 62 538750
25 24 690700
43 10 69
38 100 224364
10 6 55
25 1 3
49 1 3
50 39 4065
69 83 589633
41 1 5
0 63 5684
3 1 4
60 1 5
86 1 1
63 22 5739
36 1 2
1 1 2
64 97 138788
73 53 962593
74 2 2345
69 1 6
65 5 15
77 9 516549
56 32 1630
32 5 15
81 50 52942
66 13 2269
38 1 3
96 1 5
50 1 4
49 13 1124
2 16 46535
5 20 1760
97 65 181641
71 85 105
3 2 27
76 1 0
18 73 3996
65 1 7
48 29 7130
29 90 782767
33 63 11453
42 1 10
38 61 68590
1 12 506584
49 1 0
72 1 15
80 11 64353
58 13 32
65 43 82070
51 76 37313
10 62 82974
50 21 8
30 10 7
46 1 3
11 1 9
30 26 68191
42 1 4
93 84 972
51 68 8122
46 5 20
2 1 3
27 93 10334
93 7 97348
19 53 22967
49 1 2
96 1 1
56 1 8
90 1 6
64 38 156
27 1 0
5 1 2
74 66 94
69 57 100725
45 18 143
16 1 7
34 88 802
32 1 1
83 59 825214
20 33 368523
88 85 8103
94 65 468
89 26 26086
40 1 7
86 13 77092
72 1 5
64 5 5921
40 2 9
85 3 107044
5 1 10
8 1 6
13 35 178
63 16 259
4 27 260719
43 18 19
34 2 5688
91 1 20
61 1 4
96 58 93075
19 1 1
18 1 4
56 1 12
86 1 5
32 1 3
14 1 0
75 5 10
59 1 20
45 36 33023
72 1 9
94 28 27
96 1 7
65 31 429
2 1 1
65 1 6
77 63 373509
40 1 0
72 1 11
90 1 9
76 2 11
73 1 3
44 32 20650
25 100 1665
78 1 0
27 1 1
51 1 13
27 1 5
69 26 72445
84 52 32551
79 7 96
22 1 2
13 1 1
88 1 15
6 95 200947
29 10 732
88 1 14
11 87 199717
13 1 2
65 1 5
2 60 119088
2 1 0
4 9 15
37 45 2354
71 9 56
8 1 4
93 1 13
19 1 8
13 1 52
83 5 19
59 62 212
10 46 281
36 8 17433
29 18 7
28 75 20342
80 1 6
84 8 20
59 1 15
1 52 4957
41 39 62835
63 1 6
38 42 727002
48 23 14
79 1 6
83 55 1354
57 5 511931
14 20 961
61 41 12
28 90 2075
53 90 244563
76 12 3273
73 2 4
50 20 225
78 1 8
66 1 3
16 40 327710
28 27 79
32 10 4960
61 45 146125
33 86 31388
20 32 829282
93 13 392019
1 42 415
97 66 261
57 89 139046
58 36 7213
7 84 196589
51 1 11
84 1 8
46 57 71107
93 41 349419
59 1 5
40 1 8
32 1 2
47 15 23215
20 1 1
91 1 6
19 2 13
59 12 1035
92 91 602515
7 89 9423
52 76 602272
51 22 5677
64 2 3
2 35 192
13 30 13642
86 1 7
69 1 10
4 70 781
58 69 175705
38 2 17
14 51 39113
88 1 2
28 44 20
45 1 12
75 68 429
81 52 14389
46 1 5
79 17 7709
4 1 0
48 1 0
93 90 211654
81 9 6683
59 1 1
35 87 4009
4 1 4
45 25 8403
65 1 0
94 1 4
25 13 2050
13 11 598006
33 8 2187
72 1 0
78 1 13
66 1 10
43 1 6
41 1 6
22 46 544
64 1 0
19 1 11
13 1 0
18 4 25029
80 1 0
74 1 2
52 51 69905
30 4 10813
72 1 7
83 24 193005
67 59 70012
79 41 691
37 45 119888
64 84 11438
3 1 3
56 32 43
33 72 504793
36 37 24
43 22 7529
1 14 35
63 1 2
19 1 0
91 1 4
2 63 59434
47 13 222071
3 1 17
29 39 17449
96 98 305
59 85 92596
20 62 25961
11 1 19
9 1 10
95 56 4467
12 74 129
96 6 12
15 66 396
51 93 1692
43 1 5
3 1 12
83 7 5
13 1 7
63 1 8
79 1 11
22 1 5
84 1 1
79 1 0
41 1 2
16 97 145
59 8 9838
35 7 356
67 91 81640
79 1 13
25 69 7427
86 2 11
23 14 46421
19 1 5
10 3 7
2 96 34766
11 4 20
80 36 249
20 1 0
80 1 7
78 1 6
63 2 9
69 37 719
69 3 779967
44 85 101632
19 51 1366
41 1 1
64 1 2
26 37 1541
92 66 316
74 1 6
92 82 28616
40 30 477451
45 1 6
20 9 5824
94 1 5
51 1 4
3 1 6
93 1 11
75 97 4141
35 8 160603
48 22 8023
38 96 12681
27 1 2
46 53 517
23 2 1
29 34 3363
2 82 469771
4 1 3
32 1 8
79 77 1617
11 1 11
1 1 9
52 35 194582
90 83 58437
93 1 16
22 86 38047
84 1 6
38 1 9
91 1 11
96 1 4
52 1 5
4 26 268904
5 59 60079
90 40 875914
13 48 10195
2 1 4
10 1 3
95 74 523094
27 1 6
60 5 16
33 3 80102
74 1 1
23 26 14
54 74 4802
77 22 194152
37 11 5
80 29 218493
94 1 10
59 1 10
71 3 6
79 1 2
46 3 26
74 1 7
52 1 7
51 1 5
51 63 12960
60 88 324302
28 64 909995
32 95 127783
66 1 4
2 1 9
5 26 61
39 1 2
38 1 11
1 42 82
89 62 17234
18 1 1
26 52 1047
3 19 606953
3 1 5
96 1 3
36 1 3
51 1 16
8 97 14739
44 37 36496
79 1 9
42 1 3
51 1 14
