13 172 1000000
0 1728 24960
11 1 14
10 17491 52452
8 1 10
9 1 7
8 1 3
11 1 7
8 1 7
3 1 1
11 1 10
6 25223 112843
6 1 12
5 1 0
0 4219 702
6 1 7
1 25940 127853
12 29375 97557
11 1 5
8 1 0
9 14331 3746
3 1 5
5 1 7
3 11 2474
6 14931 31605
8 76 1108
11 1 11
8 1 5
10 27309 507238
9 1 0
8 1 25
1 156 304300
9 1 2
11 1 8
9 1 10
0 1 9
4 31293 144674
0 1 10
8 121 872
9 31572 337206
11 1 1
0 20358 48574
10 10150 2643
9 1 8
3 1 9
0 15504 107991
8 1 2
9 1 4
9 35 20
3 4 12
8 1 11
9 282 104881
5 14492 60327
5 4670 389251
3 14751 291251
9 1 5
0 1 1
7 148 493
7 5484 17229
8 18655 182257
9 29769 108955
10 20 6
6 1 10
5 1 2
0 1 0
10 3 33
11 1 0
9 1 1
9 887 665
5 1 3
8 1 16
8 19682 32792
6 7638 9844
10 274 167
0 1 24
3 1 7
3 6852 419504
11 1 4
9 31469 395124
10 29 61
8 1 14
11 1 3
8 1 1
3 1 3
0 1 7
8 1 12
5 655 15361
0 1 4
8 1 15
3 26 35
6 1 3
3 10487 396905
9 23215 623655
1 7484 836053
5 649 95
6 1 14
8 1 17
5 1 1
5 3778 5561
8 3 18
0 1 6
3 1 8
6 1 15
6 1 6
9 1 3
11 1 13
12 16381 34996
5 27639 872754
0 1 8
6 104 316
9 1 6
0 1 3
0 160 101
9 30606 40862
9 1 9
3 1 4
3 1 0
8 552 150
6 1 1
8 1 8
6 1 5
10 22827 21454
6 11730 582776
3 1 10
3 17933 458239
5 64 24
6 1 11
0 1 2
8 28067 738291
11 15322 65084
5 7815 269506
2 22024 555145
6 1 2
6 1 8
0 1 11
10 1 0
10 1 3
11 47 15
11 1 9
8 1 4
9 17 114
11 2821 1245
6 3196 2601
6 1 4
12 8032 467640
5 25487 122655
11 1 12
3 15824 379974
11 1 6
6 1 13
6 1 0
3 19050 314302
8 526 21302
0 40 46
11 1 2
1 19292 444687
3 1 2
5 3 4
3 4 216
0 3 12
8 4 21
8 36 57
10 8388 72820
4 13530 613166
1 21831 213791
3 1 6
12 18031 366482
8 1 13
0 1 5
6 1 9
8 1 6
8 1 9
5 25538 161531
