91 3410 1000000
0 1 18
49 1 14
57 1 27
50 1 6
73 1 22
43 1 6
69 1 20
2 17030 100998
62 1 1
69 1 5
59 1 16
72 1 0
11 1 20
61 1 1
55 1 4
2 42 111
71 31570 464754
62 16426 379573
61 1 4
76 2 22
54 1 9
80 1 23
1 12216 499994
43 346 349
14 1 2
59 1 3
83 1 35
80 1 41
57 1 20
75 1 20
88 1 17
63 1 30
86 1 38
29 1 17
38 1 37
54 1 50
35 727 712
39 1 40
89 1 24
28 6 36
51 1 7
64 1 14
82 1 55
2 1 19
89 1 25
15 31495 59882
79 18264 17958
57 1 8
69 18 72
60 1 2
60 30313 2784
11 1 22
11 1 5
80 1 0
56 1 11
21 5 72
80 1 20
28 1 23
26 1 16
69 1 0
27 1 6
69 3 33
17 1 25
41 1 2
48 1 33
52 9172 10562
42 57 837
33 1 32
79 1 32
56 1 7
37 1 29
66 16220 154805
82 1 24
26 29 53
78 1 34
38 1 43
64 1 3
38 1 8
58 1 11
68 104 65418
39 1 35
65 1 12
80 1 53
85 10818 130036
13 1 7
13 1 22
90 30284 34233
87 1 4
46 199 1238
84 1 16
83 1 16
0 1 22
58 1 12
48 1 35
54 1 30
90 1 20
21 1 39
39 1 47
89 1 17
56 1 30
50 1 7
17 1 6
86 1 21
39 1 31
87 1 29
55 1 37
4 10806 1443
32 3084 570373
72 1 11
57 1 30
54 1 47
41 1 34
67 1 15
56 1 46
25 14222 370838
32 1 6
67 1 31
57 1 6
90 1 3
3 1 42
27 1 13
14 1 6
42 1 0
89 10235 857
60 1 3
18 1 10
88 1 29
36 13718 688826
28 1 2
78 1 43
80 1 25
88 1 31
52 1 8
83 1 8
42 1 35
80 1 19
45 1 5
48 852 2672
83 1 29
86 20 45
64 1 27
3 1 38
58 26173 29173
3 1 31
73 1 6
52 1 0
67 1 6
52 1 22
78 1 49
29 23483 609454
80 1 27
88 1 28
42 4234 37965
72 1 10
11 1 2
63 1 50
13 1 27
51 1 2
35 23 286
84 1 4
82 6195 9396
86 1 8
11 1 0
43 1 9
69 1 12
42 1 12
68 461 348
57 1 21
38 1 36
29 25 74
63 1 21
63 1 4
7 1 15
21 1 36
69 1 22
64 1 11
76 1 1
29 1 37
73 1 31
59 1 9
47 1 11
31 1 9
65 1 3
56 1 31
83 1 41
82 1 18
82 1 7
26 1 46
57 1 2
38 1 17
26 1 14
2 1 5
78 119 193
21 1 23
60 1 7
73 1 19
11 1 11
17 1 24
40 4242 9284
46 1 23
80 1 10
65 1 23
48 1 19
34 7 4
78 30231 422418
65 1 53
72 1 50
83 1 7
62 542 1482
13 1 1
79 1 20
71 1 3
87 1 19
80 1 9
36 566 715
88 1 44
32 1 4
62 1 5
38 1 16
19 1 41
63 1 14
29 1 24
61 1317 359357
14 1 9
82 1 61
53 16 37
78 1 55
19 3736 172207
83 1 23
78 1 10
80 1 24
89 1 4
29 1 25
7 1 28
28 1 20
11 14953 181771
7 1 8
89 1 36
54 1 22
6 1 3
42 1 34
63 1 32
52 1 23
51 16611 75657
58 4233 244
48 1 2
31 1 16
85 1 36
14 1 3
53 1 1
29 1 11
88 1 32
85 1 4
90 1 14
54 1 19
81 1 4
39 1 13
6 1 14
38 1 26
68 1 35
82 1 58
78 1 3
83 1 17
41 4 39
67 43 56
56 1 25
50 34 118
56 1 10
62 2617 162024
25 10358 524940
34 3 14
48 1 7
68 1 30
89 1 43
67 57 309
86 13569 28188
13 1 20
55 1 21
68 8570 17764
53 19437 975322
71 1 25
85 1 12
52 1 7
44 1 3
46 1 32
84 1 28
69 1 29
69 1 19
63 1 28
74 1 35
65 1 37
65 1 30
44 6 20
84 105 213
8 2 60
42 1 28
31 1 18
14 1 13
24 1 10
22 1 23
38 1039 154
4 31267 624538
84 1 52
7 1 10
85 1 23
40 1 4
11 1 12
48 1 39
64 1 25
43 1 7
13 1 0
46 1 28
73 1 0
73 1 40
83 1 5
78 1 25
67 1 16
28 1 5
64 1 29
52 1 43
56 1 9
85 1 5
78 1 48
18 1 8
37 1 19
38 1 14
48 1 1
17 1 5
88 1 6
6 1 0
53 5874 927236
80 1 48
29 1 27
39 1 17
22 1 1
74 1 38
47 248 896
72 17822 808170
27 1 16
82 1 13
81 2 6
74 1 2
25 3 18
84 1 34
77 48 23
33 17854 307538
7 1 34
76 1 6
88 1 56
49 20098 24653
33 1 46
68 1 19
55 1 17
8 1 21
79 1 39
72 8279 346269
75 1 4
52 10 47
64 1 34
53 1 14
26 1 17
29 1 52
7 1 16
7 1 27
41 1 45
7 1 3
87 12633 857267
35 7753 647100
19 1 47
21 1 4
69 1 4
64 1 1
88 1 42
12 3820 958695
73 30805 209907
84 1 9
85 1 32
89 1 41
28 1 3
48 1 6
82 1 46
46 1 3
41 1 23
83 1 2
45 1 3
85 1 17
80 1 49
14 1 17
62 2 8
80 1 55
39 1 46
78 1 53
65 1 33
39 9764 2685
90 1 9
86 14664 791508
31 1 22
24 1 9
82 1 48
73 1 17
29 1 49
71 1 22
82 1 8
39 1 7
63 1 0
67 44 22077
76 1 16
28 1 25
32 1 9
12 22280 707557
73 1 37
38 1 9
7 1 1
43 1 15
71 1 26
74 1 49
7 1 20
80 1526 1708
19 1 0
2 1 8
30 2135 257
2 32635 54014
80 1 35
86 1 20
55 1 1
88 1 21
29 1 34
72 1 49
53 1 5
48 1 23
83 1 53
70 1 11
26 1 43
88 1 1
27 1 8
70 1 7
56 1 1
78 1 32
79 1 38
88 1 7
37 1 33
19 27191 218624
58 4 31
66 1 1
82 1 51
54 1 53
51 1 1
58 1 27
73 1 39
63 1 52
58 1 19
46 6 114
65 1 42
83 1 32
24 13275 2095
0 1 13
40 1 33
78 2 61
34 20259 74873
40 1 35
55 1 40
28 1 6
27 1 10
55 10293 4476
65 1 29
55 1 2
78 1 56
69 1 25
54 1 12
50 61 393
87 10888 28693
57 1 25
54 1 45
26 1 39
54 1 41
25 1 0
43 1 14
19 1 48
22 1 42
19 1 5
13 4 111
90 1 13
54 1 0
7 6143 31406
85 6 70
86 9357 214638
70 1782 145214
51 47 205
61 20180 710
28 22170 421724
45 1 19
81 5 9
21 1 26
14 1 1
87 1 28
78 1 4
24 1 17
63 1 11
86 1 17
59 89 1489
3 1 28
89 1 37
83 1 26
19 1 44
54 1 39
3 1 50
78 1 19
47 1 3
90 2 27
48 1 10
20 1 9
47 21 17
89 2641 48944
37 1 24
79 1 44
83 1 3
13 1 23
86 1 27
39 1 21
29 1 9
7 1 29
46 1 31
22 1 16
33 1 31
48 1 36
8 1 7
86 15325 65301
21 1 32
50 4355 120167
48 1 5
17 1 16
65 1 32
83 1 43
80 1 18
68 1 2
19 1 13
84 1 24
19 1 49
39 1 1
53 1 19
32 1 18
42 4344 259569
82 1 25
65 1 46
20 495 16804
28 102 85
0 1 11
65 1 36
49 1 9
28 1 16
53 1 0
83 1 6
25 1 5
22 1 30
53 807 59
88 1 37
24 11111 672774
51 3272 641653
82 1 29
65 1 6
17 1 20
52 1 41
62 1 7
11 1 13
76 1 0
88 1 53
68 1 31
26 1 27
13 1 9
88 1 39
55 1 31
84 1 22
89 1 30
26 1 18
8 1 17
89 1 14
36 93 277
68 1 33
39 1 20
73 1 43
82 1 31
17 92 1199
86 1 6
68 1 23
89 1 13
3 1 22
32 1 14
63 1 29
37 1 11
28 20374 63494
78 1 20
17 1 12
33 9800 18285
89 1 38
25 9257 18096
54 1 11
54 1 14
28 1 17
80 1 51
17 1 46
46 9980 177661
33 1 21
58 1 3
40 1 24
2 1 24
2 1 16
40 1 2
51 1 6
28 1 29
17 1 31
85 1 44
54 1 26
15 2488 5422
8 1 18
84 1 51
80 1 7
53 1 4
46 8178 5067
38 1 25
44 47 191
83 1 33
72 1 17
87 1165 152162
80 1 52
72 3 57
26 1 38
56 1 16
55 1 20
54 1 46
39 1 34
61 32070 24949
63 1 16
24 1 6
38 1 5
43 86 25
2 1 11
3 1 5
35 4 92
64 1 16
63 21034 12922
75 1 21
17 1 2
87 1 2
64 1 0
69 1 2
64 1 21
55 1 45
52 1 24
48 1 38
6 1 25
0 1 10
56 1 0
2 1 18
67 23582 165515
25 1 4
30 23851 129809
19 1 7
61 166 28
26 1 0
53 1 9
24 1 27
33 1 24
79 1 9
77 6210 915964
55 1 8
83 54 118
56 1 37
66 3046 302192
65 1 10
67 1 27
65 1 24
52 33039 935115
38 1 39
29 1 18
14 10 464
55 1 42
57 1 26
72 1 35
0 1 15
83 1 47
21 8461 559550
65 1 20
88 1 12
74 1 26
60 8083 401640
32 1 12
17 1 17
57 1 1
82 1 4
52 1 19
31 1 6
63 3022 836
7 1 9
48 1 8
39 1 25
21 28466 24516
7 1 32
88 1 14
73 1 38
37 1 27
84 1 43
71 741 5076
38 42 4742
57 7 34
80 1 13
68 7 43
85 226 546
74 1 50
41 1 25
73 1 7
80 1 56
71 1 13
74 1 23
17 644 3917
72 1 8
28 1 30
65 1 40
82 1 38
85 1 41
68 12 72
76 1 10
58 24379 89604
38 27240 879638
73 1 47
33 1161 80
78 1 17
42 263 237
49 1 12
61 1 19
8 1 5
87 1 22
19 1 10
61 1 15
53 1 12
61 339 250
58 1 15
38 1 32
27 63 51
56 1 15
65 1 39
31 1 8
75 1 1
75 1 0
84 1 37
8 1 12
2 1 39
63 1 27
23 3468 162235
8 1 16
39 1 39
76 12 121
70 1 2
76 6054 7149
8 28450 6637
54 1 17
47 1 15
82 1 41
57 1 12
46 2 45
2 1 29
18 1 11
2 1 9
40 1 5
19 24609 65781
6 1 8
37 1 28
21 1 15
6 1 17
3 196 67
65 1 13
72 1 25
7 1 24
22 1 26
39 1 0
7 1 41
6 1 19
24 1 21
13 1 19
79 1 22
74 1 56
11 1 7
29 1 43
51 1 8
54 1 49
57 1 7
6 1 26
20 8399 2632
71 4 30
89 1 15
42 1 14
79 1 1
13 1 5
54 1 34
8 1 44
89 10365 15743
88 1 58
27 1 12
90 1 18
49 1 17
78 1 28
83 1 46
57 1 10
48 138 46
72 1 18
33 1 13
42 1 3
8 1 14
38 1 13
38 1 22
19 1 12
72 1 54
29 1 4
88 1 22
58 3 28
32 1 21
0 1 1
64 1 31
65 1 47
69 1 11
37 1 12
80 1 12
45 1 16
13 1 26
3 1 46
78 1 47
22 1 32
76 1 2
83 1 45
46 1 29
14 3761 1939
73 1 33
79 1 13
7 1 33
38 1 35
85 1 35
3 1 26
11 2215 689
79 1 15
42 16502 474484
26 1 11
39 1 33
55 1 13
83 1 25
55 1 18
38 1 44
89 1 20
82 1 28
53 1 24
52 1 38
17 1 22
3 2482 673
78 1 16
2 1 27
38 1 10
49 1 1
29 1 46
57 1 16
40 1 39
90 1 16
71 1 23
69 10 5768
78 1 52
43 3 11
13 1 21
42 1 9
84 1 10
41 1 18
42 1 18
2 2369 15080
48 1 0
79 1 19
28 1 0
63 1 22
56 1 19
45 1 9
69 1 14
31 1 19
78 1 7
11 1 16
21 1 41
54 1 20
65 1 34
38 1 45
28 1 18
71 1 0
73 19627 32678
72 1 44
32 1 11
33 1 29
16 8 43
47 1 7
26 1 31
42 1 6
71 1 14
83 23489 66903
39 1 15
39 1 41
53 1 6
36 2 6
39 14860 36731
79 1 18
2 1 15
8 1 30
73 1 9
31 1 5
23 24870 115950
69 29699 525807
11 1 9
82 1 11
27 3276 322102
0 1 4
69 1 28
63 1 43
52 1 16
82 1 35
42 1 39
72 1 7
22 6999 426777
65 1 49
29 1 42
72 1 28
46 1 18
38 1 33
86 1 18
52 2616 1713
29 1 22
73 4 51
43 32154 15535
19 1 18
41 1 4
86 1 29
33 1 20
57 4292 61
20 1 11
51 10 65
24 1 32
38 1 0
63 1 35
74 1 0
49 55 47
16 19273 500271
11 1 1
51 1 0
2 1 45
55 1 28
48 419 360
26 1 2
56 1 13
14 162 32
64 1 23
58 1 25
79 1 17
73 1 1
33 1 11
65 1 15
7 2 200
48 1 4
27 27 24
53 1 10
21 1 21
28 1 8
11 5796 4083
15 3 0
58 1 6
63 1 36
11 1 10
3 1 56
45 1 15
73 1 10
0 1 2
17 1 27
71 1 11
3 1 18
83 1 50
80 1 42
49 1 4
21 1 33
90 24063 806839
68 1 11
55 1 36
26 1 45
55 1 35
22 1 21
21 1 10
21 1 27
58 1 23
59 1 15
66 26372 534586
47 4579 1460
46 1 24
63 1 19
14 15554 181406
86 1 4
72 1 56
68 1 25
74 1 21
3 1 47
46 1 0
88 1 16
13 1 14
84 1 40
8 1 13
45 1 6
13 12053 13897
56 31807 60556
6 1 22
45 93 67
15 45 7
19 1 24
79 2 49
83 1 51
62 1 3
47 1 12
64 1 2
78 1 27
2 558 982
63 1 5
21 1 30
31 1 2
39 2043 17032
17 1 1
52 1 31
88 1 34
46 1 25
25 3327 834197
57 10 43
63 1 33
85 3 46
8 158 105
19 1 1
6 1 16
21 1 6
86 1 26
54 1 36
54 255 1608
84 1 6
69 1 24
72 1 20
83 3810 362
48 1 31
74 1 36
83 1 44
76 1 14
44 5491 1037
54 1 55
37 1 32
2 1 3
54 1 32
41 1 1
3 1 39
89 26446 291500
85 1 19
71 1 21
72 1 37
17 1 47
31 1 0
90 1 17
68 15277 85506
40 1 27
43 1 10
10 1 0
87 1 26
6 1 24
56 27969 12156
53 16553 35518
26 78 95
41 1 20
50 1 13
38 1 24
90 477 47
49 16614 62323
63 1 31
90 1 2
3 1 8
53 1 11
85 1 7
20 1 7
38 35 49
40 22879 48966
89 1 8
6 1 1
83 2 60
8 13078 144129
68 18087 33894
3 7511 304592
40 1 28
30 57 137
21 1 13
74 1 16
53 1 2
72 1 39
81 1 5
39 1 18
70 13824 16111
73 1 15
7 1 36
8 1 24
81 380 15
71 1 18
69 1 8
75 1 15
2 1 30
63 545 181
27 27411 881027
70 82 36
8 1 31
41 1 10
55 1 19
33 242 1930
26 7471 38729
2 1 28
87 1 17
56 1 8
57 30592 297588
89 1 28
64 1 13
57 1 31
71 20 150
42 1 40
80 1 28
85 1 31
21 1 14
31 733 713
78 1 11
39 1 28
55 174 48
71 1 10
20 1 15
7 26981 2083
6 1 6
55 165 391
32 2 28
44 14850 574894
48 1 30
6 1 21
35 17422 345894
32 1 19
47 1 4
39 1 30
83 20803 215162
84 16212 102074
21 1 31
86 1 1
78 1 31
57 1 0
89 1 1
56 15 81
8 1 33
88 1 51
56 1 12
55 1 10
2 1 36
8 1 26
55 1 44
56 1 4
33 1 22
63 1 40
59 339 109
59 1078 1848
20 19620 53071
63 24156 239815
8 1 32
39 15 50
14 1 14
57 1 15
77 882 11519
31 1 14
43 1 1
44 175 287
19 1 2
14 1 15
89 15041 261194
52 1 28
73 1 29
72 1 47
84 1 13
71 18024 22116
7 1 0
3 1 57
59 1 10
83 1 56
80 1 34
84 1 45
46 1 6
32 1 26
73 1 12
43 1 4
83 1 42
22 1 35
42 1 32
88 1 49
8 1 35
25 14607 207
51 1 3
57 1 18
79 1 34
88 1 23
80 1 45
26 1 36
7 21 46
53 1 30
41 1 31
78 1 42
46 1 8
26 1 20
30 2491 3991
71 1 12
74 1 9
72 1 55
17 26440 584279
54 1 5
85 1 16
28 1 26
33 1 18
71 314 3602
8 1 20
74 1 37
29 1 19
21 1 7
67 1 32
40 1 32
60 1 8
29 1 13
76 1 17
31 1 25
63 1 24
39 1 9
71 973 1023
71 1 17
83 1 4
86 1 7
90 1 12
42 1 15
84 1 15
29 1 50
22 14102 146758
51 3 10
60 1 9
78 1 26
57 1 9
7 1 14
50 1 1
88 1 30
78 1 21
85 1 22
26 1 32
87 1 3
29 1 23
24 1 16
64 1 12
69 1 3
19 1 8
24 27 76
74 1 10
38 1 2
88 1 50
3 1 35
83 1 9
73 1 18
32 11 35
51 1 5
19 1 40
74 1 44
72 1 4
83 1 13
7 1 30
20 1 4
75 1 8
32 1 5
84 1 29
68 1 20
49 3 27
72 6165 919
21 1 16
37 1 80
3 1 36
46 1 5
88 2 59
85 1368 1157
19 1 11
13 373 806
82 1 1
68 1 40
38 1 11
67 10564 748485
77 1 4
88 1 0
54 1 15
18 15 13
17 40 91
33 1 35
7 1 38
46 1 1
13 1 13
29 1 41
31 1 3
65 1 41
33 1 1
46 1 4
40 49 179
17 1 9
88 1 5
85 1 1
2 1 13
89 1 34
40 1 40
39 1 26
40 1 25
52 1 18
24 1 22
89 1 44
41 1 21
3 1 37
7 1 17
64 1 19
47 1 5
58 1 14
85 1 43
10 19666 197838
86 1 30
20 5562 426848
52 1 34
65 1 51
32 1 0
83 1 11
84 1 2
39 1 49
53 1 27
29 1 20
88 2 61
41 1 27
63 1 55
63 1 53
67 1 10
19 1 25
79 1 35
46 1 30
72 1 12
26 1 44
61 1 8
72 1 23
67 1 12
42 1 21
2 1 7
67 1 3
49 1 25
27 958 353
80 1 17
17 1 49
28 1 14
44 29367 50463
38 1 48
28 1 21
86 1 23
88 1 3
46 1 2
17 1 3
28 1083 652
31 1 24
3 3 58
82 1 57
36 3 3
82 1 60
24 1 8
70 1 9
13 564 228
85 1 13
40 1 0
48 1 14
50 7403 22575
87 1 12
88 1 54
52 1 13
41 1 11
75 1 11
84 1 27
63 1 44
13 1 25
42 1 26
62 481 492
38 1 7
72 1 40
6 26238 9115
11 1 21
31 1 21
13 1 6
45 1 4
80 1 14
55 1 0
46 1 15
26 27564 110970
39 141 212
42 5224 26661
69 1 7
55 1 3
41 1 8
90 1 21
37 22796 134797
37 1 23
38 1 19
63 1 56
49 1 21
59 1 4
42 3 41
88 1 48
24 1 18
47 7125 182362
36 26407 6638
19 1 22
56 1 6
37 1 8
72 1 53
83 19405 7933
3 1 23
51 1 4
70 53 1810
3 1 33
51 446 820
77 1 1
14 1 10
87 6816 47969
78 20473 226283
42 1 38
10 10 4
80 1 47
41 1 3
55 1 41
26 1 41
52 1 32
74 1 6
88 1 36
63 17146 134595
69 22 118
72 1 31
8 1 10
49 1 16
80 1 15
33 9 48
70 8879 3102
80 7 72
70 1 5
78 3971 639
42 11022 7090
82 1 56
63 1 9
86 1 2
48 5 41
46 1 16
82 1 3
22 1 7
2 1 26
46 1242 31186
78 1 24
59 1 11
82 1 16
65 1 25
54 1 23
88 1 24
28 1 31
84 1 14
50 1 3
22 1 24
59 2552 46824
83 1 1
4 13508 337675
29 1 5
14 1 16
42 1 4
39 143 839
55 1 16
48 1 20
20 1 1
83 1 49
38 33 1456
8 1 4
31 1 23
90 1 10
49 1 24
63 1 20
28 1 28
73 1886 601926
21 1 35
74 1 1
36 1 0
13 1 18
54 7147 6395
66 13545 54103
34 27264 23626
88 51 83
78 1 9
82 1 15
40 1 19
49 30919 243179
88 1 25
62 21314 837197
4 22445 181753
48 4169 240594
21 1 1
45 1 7
88 1 2
61 1 21
3 26146 3916
72 1 21
29 1 12
89 1 48
32 1 1
41 1 19
29 6757 84674
55 1 12
26 1 9
73 1 5
78 1 12
71 889 10186
62 1 2
31 1 7
24 1 3
2 1 47
87 1 13
75 1 19
71 1 4
19 1 31
80 1 21
11 1 14
72 174 507
86 1 12
68 1 15
17 1 19
89 1 12
58 1 13
24 1 30
26 1 33
54 1 13
26 2 48
5 12856 420878
20 1 8
29 1 48
2 1 23
26 1 28
78 1 57
82 1 19
78 45 67
17 247 223
83 1 54
65 16225 96212
33 1 33
21 1 29
48 1 27
41 1 17
19 1 20
89 1 16
79 1 5
76 1 3
57 1 5
74 1 27
88 1 4
74 1 58
3 1 1
86 2 42
50 177 204
84 1 54
62 1 4
42 6 54
70 1 0
26 1 47
8 1 15
2 1 43
43 1 8
28 1 13
40 1 44
17 1 4
30 3549 9448
26 1 40
87 1 9
21 1 12
82 1 39
59 23241 92380
46 1 26
40 1 29
28 1 7
19 1 39
28 350 190
14 1 12
55 1 22
69 1 27
67 1 0
45 1 14
63 1 18
41 13 61
65 1 50
54 1 2
21 1 3
29 1 15
89 1 11
55 1 43
79 1 29
79 1 40
34 17666 143308
36 21 8
22 1 14
3 1 7
47 1 1
67 1 20
40 1 20
65 1 17
17 1 51
86 1 13
75 71 25
60 1 4
61 23967 164880
20 1968 25
83 1 57
17 1 21
53 1 7
76 1 18
41 1 6
68 1 28
25 73 37
78 1 13
7 1 31
80 1 59
52 1 2
70 11 328
21 1 0
13 1 10
67 1 2
70 1 12
24 1 20
42 1 17
54 1 25
37 1 1
71 1 9
33 1 3
19 1 43
48 1 3
44 16975 297518
39 1 2
52 1 12
79 1 25
88 1 57
85 1 38
90 3 22
41 1 32
21 1 38
49 1 13
73 1 3
7 1 37
70 1 8
85 1 18
48 1 15
64 1 6
90 1 8
65 1 19
58 2465 808873
71 1 28
53 1 22
56 14 59
65 1219 636
85 6 54
10 44 53
60 26 45
85 1 2
71 1 27
65 1 26
82 90 1048
22 17883 47404
33 1 23
90 1 11
21 20662 244195
17 1 32
61 1 16
14 1 5
60 1 11
82 29965 557815
39 15095 117865
13 1 12
44 1 1
21 264 8584
56 1 47
0 1 3
52 1 33
89 1 32
67 1 11
63 1 47
30 13 2
83 1 28
52 1 15
39 1 48
70 1 3
17 1 26
74 1 18
44 4 9
85 1 37
84 1 32
85 1 0
65 1 35
61 1 20
2 1 17
21 1 9
90 2 30
2 1 10
54 1 35
86 1 31
29 1 38
49 1 5
7 1 13
63 1 25
78 1 18
86 1 32
54 1 1
40 308 6191
67 1 9
21 1 17
22 1 31
44 27621 7924
79 1 43
8 5286 545
63 1 23
52 1 44
13 1 2
27 1 5
74 1 51
73 1 45
64 1 30
24 1 33
57 1 22
83 1 36
78 1 14
84 1 38
48 1 28
52 1 17
84 1 53
49 1 8
39 1 22
31 1 10
80 1 38
54 26781 513370
0 3 24
62 1 0
62 1 6
3 1 41
49 1 6
22 1 9
74 1 55
42 1 16
63 6 58
10 1 1
27 1 14
53 1 26
50 1 2
40 1 23
39 1 36
26 9968 10401
73 1 50
8 1 34
19 1 32
77 6456 1177
8 1 19
74 2734 5531
77 3 12
73 1 27
72 1 19
44 1 4
80 1 54
75 1 6
67 1 19
68 1 32
30 1 1
29 1 2
44 1 2
67 2 29
63 1 6
49 1 20
29 1 35
21 1 44
29 1 16
60 3 35
89 1 18
61 1 3
33 1 6
60 1 6
76 79 440
19 1 14
59 1 12
56 1 17
7 1 2
26 1 8
6 1 2
77 1 3
11 1 4
3 1 9
37 1 6
19 1 38
53 1 23
61 1 7
74 1 22
73 16 466
18 1 9
82 1 45
57 1 13
67 1 13
85 1 15
22 1 25
54 1 18
64 1 28
82 1 36
55 1 15
19 6 50
76 1 9
74 1 11
64 1 8
74 1 29
70 1 1
12 12822 443293
19 1 16
31 29217 22583
73 1 46
59 1 6
33 1 10
45 29 34
54 1 37
79 1 6
64 1 32
63 1 13
40 1 42
7 1 22
45 1 1
26 1 21
40 1 36
77 1 2
69 7 40
3 1 19
3 1 14
87 19 38
21 1 28
54 1 40
28 1 11
85 1 6
86 2 35
82 1 47
46 1 11
82 1 52
74 1 52
84 1 3
0 1441 1401
73 1 34
18 1 1
7 1 43
84 1 31
41 1 12
26 1 1
61 1 9
63 1 7
57 27178 183805
74 1 33
8 1 41
42 1 36
54 1 43
74 1 25
65 1 48
39 1 5
17 1 37
79 1 27
68 1 6
14 1 7
6 1 11
84 6635 735
71 1 5
24 19 44
31 16 94
46 1 17
43 1 2
45 12604 1407
88 1 9
0 32807 530838
83 1 37
48 1 21
40 1 1
73 1 23
41 1 33
46 1 13
31 4240 759935
32 1 17
73 1 30
35 6908 4700
33 1 4
69 1 1
38 1 12
29 1 47
80 1 5
72 1 9
56 1 3
69 1 31
56 1 29
85 1 14
41 14199 7493
87 158 60
40 1 15
2 1 46
21 2 46
82 1 0
37 1 53
19 1 3
21 1 24
84 1 11
26 1 23
85 1 26
63 1 48
89 1 47
80 14 124
32 1 15
51 1 9
86 103 3397
76 1 4
79 1 26
41 1 36
21 1 5
74 1 54
79 1 14
40 1 34
54 1 10
39 1 43
68 1 42
6 211 227
24 1 23
2 1 40
40 1 13
84 1 8
64 1 9
48 1 37
56 1 2
20 1 5
63 1 51
78 1 50
37 1 13
83 1 34
44 33 41
28 1 27
83 1 38
18 1 6
73 13668 358234
74 1 32
88 1 13
89 1 42
17 1 36
40 1 30
73 1 24
65 1 16
2 1 12
52 1 42
70 1 4
27 1 2
79 5752 8322
33 1 45
59 1 1
90 1 1
40 1 31
17 1 45
13 1 4
2 1 20
0 1 12
72 1 27
46 1 10
55 1 14
39 4186 843514
40 1 22
21 399 202090
34 1 0
72 1 13
29 1 30
49 1 11
57 18764 11787
89 1 6
84 1 18
21 1 37
55 1 6
54 12780 24796
65 1 44
2 574 171
79 1 41
74 1 46
83 1 31
77 1 0
79 1 4
78 1 6
84 60 65
82 1 2
58 1 22
3 4 61
21 1 22
89 1 45
13 24 28
73 1 21
20 1 17
85 1 33
90 29273 664801
59 1 5
81 1 1
75 1 13
68 1 38
71 1 7
74 1 30
67 1 14
74 1 45
21 1 8
75 1 16
4 14531 157097
6 1 23
29 1 21
49 1 2
84 1 48
3 1 27
40 1 17
31 1 12
45 1 33
57 1 28
83 17 71
57 1 4
1 27869 448009
29 1 1
78 30499 536401
68 1 10
52 1 39
54 160 369
50 20223 506875
88 32980 248367
46 1 20
13 32202 516438
52 1 3
34 27616 216806
26 30413 663116
53 1 21
8 1 39
29 1 33
46 1 21
29 1 44
53 2 35
39 1 16
67 1 21
65 1 18
65 1 7
28 1 22
64 1 20
59 239 4493
26 1 29
68 1 17
19 1 27
13 1 17
78 1 1
59 2 17
86 1 39
2 1 38
68 1 12
25 262 83318
32 1 3
80 1 1
14 2 18
67 1 26
49 1 15
65 3 59
3 15195 190531
58 1 21
21 5883 2093
38 1 20
17 1 52
63 1 42
33 1 16
0 1 19
68 1 34
21 1 20
16 18649 89028
67 21698 30659
29 1 29
56 1 38
72 1 26
18 1 7
19 1 21
67 1 25
58 1 9
75 7938 277110
64 1 17
29 1 51
49 1 7
19 1 33
78 1 59
88 1 46
2 1 14
20 21419 21167
48 22545 337797
47 1 10
8 1 40
82 1 5
8 1 27
85 9977 3309
52 12827 440951
58 1 2
29 1 6
59 1 7
52 1 37
37 1 25
88 1 33
88 1 26
37 16 35
63 1 45
59 1 2
40 1 16
88 1 15
20 1 12
89 1 26
11 1 8
63 1 37
87 3 30
3 1 44
56 1 28
40 1 9
56 6 48
31 53 216
67 1 22
82 1 10
46 1 27
63 1 49
29 1 8
8 1 9
3 1 6
87 1 27
20 1 0
72 1 33
46 1 22
55 1 33
53 21208 105923
24 1 7
84 1 33
85 1 27
84 1 42
88 1 19
22 1 0
40 1 26
82 1 54
7 1 7
74 1 43
64 178 37
70 375 382
63 1 8
55 1 34
86 943 162
17 1 11
88 1 47
83 1 48
74 4704 253596
58 1 26
21 1 2
60 14 16
8 1 3
86 1 25
17 3353 5802
22 1 19
78 1 30
38 1 29
90 1 4
0 1 23
79 1 0
86 1 16
56 18045 109240
72 1 14
79 1 8
65 1 8
83 1 20
16 30640 2186
2 1 44
37 1 4
67 1 23
23 2527 6134
24 1 28
6 6 27
74 1 24
8 1 36
3 1 54
81 1759 4071
68 1 22
36 1 1
76 1 15
68 1 1
60 1 0
59 1 19
75 2 22
3 1 25
44 1 0
42 1 31
82 1 37
72 1 45
68 1 36
84 1 50
8 1 43
17 1 34
64 1 7
84 1 44
37 1 15
57 2 32
74 1 4
69 1 9
50 1 9
28 1 19
88 1 11
48 1 40
24 1 11
6 1 18
3 1 40
78 1 33
54 1 3
82 1 12
90 1 6
33 1 8
45 63 165
1 17711 32961
89 239 50
41 1 16
17 6 55
78 1 41
33 1 36
76 1 8
21 83 223
58 1 24
51 28088 422677
63 1 1
11 1 19
3 1 55
76 1 11
37 1 17
50 1 8
29 1 7
54 1 16
22 4168 810
89 1 10
21 1 11
31 1 13
81 1 0
58 1 7
6 1 13
71 1 20
72 1 6
6 5333 128823
6 1 20
7 1 5
37 1 2
27 1 4
87 1 25
67 1 33
3 1 0
29 1 28
81 22060 52398
88 1 27
38 1 18
83 1 22
85 1 45
88 10894 5219
26 1428 49746
7 1 26
83 1 10
54 1 29
75 4258 6722
22 1 29
68 1 24
80 1 8
41 1 38
33 1 38
29 1 3
3 1 24
0 1 16
86 1 22
18 25 179
64 164 722
73 1 32
74 1 31
33 1 19
89 1 39
84 5 59
64 1 4
83 1 19
72 1 36
52 1 35
22 1 11
39 1 6
21 1038 509
71 1 8
75 1537 1121
39 1 27
50 2445 1573
66 960 1920
22 1 15
79 1 12
33 1 17
3 1 49
41 551 204
75 29735 882516
22 1 13
48 6507 4731
27 1 1
78 1 38
3 1 48
30 1 0
69 1 26
17 1 13
32 1 27
79 2 46
32 1 25
74 1 40
41 1 13
42 1 25
55 1 29
61 2336 190045
65 1 28
19 4972 1405
42 1 11
61 1 13
10 4085 236976
53 1 18
42 1 2
65 1 9
84 1 12
32 1 16
42 1 29
61 1 14
87 669 1549
40 1 7
36 23859 915805
89 1 27
22 181 453
31 14 29
26 1 13
63 1 41
82 1 40
38 1 4
57 1 19
83 177 6871
73 1 44
20 1 14
89 1 7
73 1 36
46 1 19
26 1 22
79 1 11
84 1 39
87 1 24
50 1 0
10 12970 58976
67 1 17
56 372 190
56 1 35
26 1 24
88 1 41
89 1 5
42 1 5
8 1 28
33 1 39
84 1 17
24 1 2
33 1 25
84 1 46
18 922 799
74 1 14
38 91 1294
10 14918 6773
57 1 11
82 1 44
26 1 26
48 1 12
38 53 95
54 1 8
41 1 9
17 1 8
64 1 26
53 1 28
80 1 11
19 1 23
13 9474 762054
54 1 48
44 11876 146689
24 1 19
54 1 7
17 1 15
78 1 23
52 30687 96070
41 21685 115405
82 1 17
80 1 31
56 1 32
56 1 42
74 1 8
18 1 2
79 1 3
60 84 194
83 1 0
64 1 24
65 112 72
76 1 12
2 1 37
57 1 14
78 1 40
65 1215 2325
2 1 1
69 1 21
79 1 31
38 1 41
68 1 26
83 1 21
68 1 37
6 565 769
7 1 21
82 1 32
74 1 7
24 1 12
13 1 3
51 19 16
63 1 10
70 5872 116174
55 1 38
61 1 11
84 1 0
61 1 17
3 1 3
47 1 2
39 1 11
2 1 25
87 1 16
52 1 9
41 1 22
29 1 32
80 1 26
71 17943 221799
85 1 28
82 1 20
0 1 6
78 1 0
19 1077 216
28 1 9
82 1 49
56 1 21
17 1 29
74 1 48
7 1 35
59 1 8
44 7296 186961
56 1 18
52 1 4
86 1 15
82 1 59
7 1 19
87 1 1
89 1397 35439
41 1 35
75 1 14
65 1 43
57 1 29
80 1 43
2 1 4
74 1 42
83 1 14
30 22870 231275
72 1 43
61 1 12
84 1 36
0 11981 33017
83 1 40
55 1 39
34 9420 1057
52 1 20
47 1 6
22 1 22
73 116 91
69 8319 365637
75 1 10
54 24840 177590
22 1 17
65 1 11
78 1 51
76 10 31
37 1 5
84 1 5
81 1 2
57 1 23
29 1 0
49 11 31
85 1 29
25 1 12
32 1 10
31 20 59
80 1 40
17 1 39
52 1 14
39 1 38
82 1 43
52 1 30
75 1 2
73 1 13
26 20170 973756
85 1 9
39 1 29
22 1 6
72 1 34
39 1 12
40 1 11
52 1 6
74 1 39
61 1 10
88 1 10
61 1 23
60 1567 482
17 1 14
41 1 14
59 1 14
8 1 37
52 1 40
38 1 42
78 1 45
65 1 22
69 1 23
41 1 0
48 1 29
42 1 23
6 2 55
6 1686 1947
42 1 37
85 1 39
80 2 60
86 1 3
54 7 66
14 1 0
18 1 3
74 1 34
53 1 13
7 1 40
3 1 21
57 1 3
58 76 133
78 1 29
69 1 16
69 1 13
80 1 57
26 1 12
86 1 19
71 1 24
83 1 18
3 1 11
35 23 1813
56 1 40
33 1 40
29 1 45
86 1 9
78 1 36
56 5605 1036
74 1 12
55 1 7
39 1 10
70 1 19
8 1 42
79 1 28
26 1 3
3 1 43
32 23251 103066
29 1 31
3 1 15
68 1 29
56 1 27
72 1 16
65 1 27
0 414 56
87 1 6
74 4 60
68 1 16
6 5 36
2 1 32
47 1 0
80 1 29
82 1 9
14 22459 135963
17 1 7
41 152 5439
89 1 23
19 1 34
64 1 22
79 1 33
40 1 6
21 1 42
7 1 12
13 1 16
69 4548 1002
19 1 9
25 1 1
46 1 14
27 1 0
40 1 21
26 1 15
79 1 23
3 1 34
83 1 27
84 1 35
72 1 29
72 1 51
23 27077 299696
84 1 7
38 1 23
45 1 11
54 1 21
31 1 17
74 1 20
0 1 0
8 1 0
29 1 26
41 1 7
72 1 42
62 118 73
40 7309 36340
88 1 18
56 3 43
22 1 8
19 1 15
73 1 14
13 1 11
58 1 20
86 1 24
40 452 254
87 1 23
42 1 8
87 813 446
40 1 8
63 1 12
3 1 32
2 1 0
56 1 39
89 1 3
48 1 13
84 1 49
65 1 31
17 1 30
60 2 13
49 1 26
84 1 26
88 1 35
43 1 3
86 1 5
38 1 27
37 1 34
2 8 50
75 1 18
89 1 33
50 1 4
37 1 26
87 1 11
17 1 28
28 2157 5497
52 1 45
27 1 3
54 1 42
85 1 10
39 1 23
37 1 31
52 1 5
61 1 24
41 1 44
37 12407 83
87 1 8
40 1 37
45 1 12
48 1 16
0 1 5
3 1 10
26 1 5
7 1 6
63 17370 266551
79 1 36
24 12 152
55 2 46
7 1 11
78 1 46
54 20544 87071
78 1 44
79 1 10
60 25611 71067
60 1 12
66 592 809
24 1 26
11 1 17
8 20295 165172
28 1 1
56 1 5
25 1 3
46 10716 41353
90 1 25
78 1 37
43 475 3996
56 1 23
42 1 22
73 1 42
31 1 15
49 1 0
53 1 29
88 1 38
63 1 39
58 1 0
6 1 7
60 12528 678571
33 1 7
87 1 21
33 1 0
64 1 18
22 2 50
13 1 8
3 1 51
39 1 44
84 1 21
2 13000 291265
8 1 25
80 1 44
44 1 5
27 217 5465
0 1 14
22 7913 176626
55 1 26
65 1 14
60 1 5
74 1839 76
61 1 2
11 32529 123649
40 1 38
8 1 23
38 1 30
33 1 42
81 5896 12514
89 1 31
54 1 28
45 1 8
75 1 17
79 1 21
65 1 1
42 1 20
7 1 4
33 1 5
40 1 18
80 1 33
75 1 3
26 1 19
59 4 24
3 1 30
49 1776 231
45 16669 536789
58 1 16
42 1 24
85 1 42
52 1 27
31 1 1
48 1 17
75 1 12
8 7 45
79 1 16
85 1 40
37 1 20
69 1 18
41 1 30
74 1 19
73 1 48
24 1 15
49 1 10
85 1 20
52 1 21
50 1 5
33 1 37
72 1 22
71 1 19
2 1 22
49 1 23
53 1 31
56 1 34
27 1 7
8 1 6
3 1 12
73 1 35
87 1 37
83 1 55
72 1 1
46 1 12
6 1 9
38 1 47
17 1 43
75 1 7
54 1 52
69 1 30
82 1 22
19 1 45
68 12 60
20 1 3
21 1 34
82 1 30
22 1 12
55 1 27
68 1 18
19 1 26
54 1 31
24 3 36
20 1 2
52 1 11
73 1 8
75 1 5
21 1 45
17 1 38
73 1 28
48 1 18
71 1 6
33 1 43
52 135 95
17 1 23
21 1 40
24 1 13
39 1 14
10 4161 1834
63 1 2
17 1 0
68 1 7
79 1 30
87 1 18
49 1 19
84 1 20
80 1 39
43 9 1345
38 1168 2014
84 1 47
86 1 0
90 1 15
85 1 30
26 1 37
83 1 12
68 1 27
51 69 112
37 1 9
61 1983 379048
65 1 0
63 1 38
2 1 42
54 7248 17242
74 1 5
0 1 7
55 1 9
68 1 8
1 1856 2193
37 1 16
52 1 36
67 1 24
87 1 15
41 1 15
17 9946 9744
74 1 17
10 448 1183
54 1 6
3 1 53
33 1 2
26 1 25
87 1 7
64 1 10
53 1 15
40 9 46
26 239 421
58 1 4
79 203 147
73 1 26
42 1 13
21 1 43
65 1 38
63 1 46
42 1 10
72 1 48
37 1 30
72 1 5
47 1 9
2 1 2
17 1 44
63 1 34
26 1 10
33 1 30
76 1 7
17 1 10
2 1 33
73 29370 94523
3 1 29
77 1019 267758
56 1 24
19 1 37
84 1 1
74 1 15
0 1 17
89 1 22
74 1 41
40 1 45
50 3 16
40 1 12
73 1 41
72 1 32
74 1 3
39 25 1307
87 1 0
82 1 21
58 1 1
47 16102 22702
19 1 19
63 1 54
90 1 19
18 1 0
87 1 20
48 1 32
73 1 16
68 1 13
85 1 21
47 3590 6532
80 1 4
37 1 7
8 1 22
85 1 11
49 1 3
58 1 18
41 1 26
65 1 5
71 1 15
64 1 5
59 1 13
42 1 27
11 1 15
85 1 25
69 3951 832575
57 1 24
0 1 21
52 41 57071
29 1 36
68 1 0
39 1 24
42 1 19
80 1 37
77 2 8
89 1 40
68 1 14
60 1 1
39 1 45
26 1 6
2 1 6
48 1 25
48 1 11
6 1 15
18 8282 2385
77 1 11
87 1 5
89 20776 672844
87 1 10
65 238 194
90 1 7
72 15447 51707
88 1 40
38 1 28
40 1 14
45 1 0
40 1 10
36 627 3783
38 1 34
25 1 7
79 1 42
11 1 6
52 1 1
33 1 14
31 1 27
88 1 52
53 1 16
22 4 36
3 1 17
86 1 10
82 1 14
22 1 20
58 1 8
53 1 25
49 6533 680393
26 1 34
79 1 37
52 1 29
52 23620 70756
67 10290 905
55 1 32
80 1 2
84 1 41
59 902 3193
86 1 14
83 1 15
41 1 28
89 1 19
78 1 2
76 1750 886
67 1 18
57 14055 152079
73 1 49
52 1 10
45 1 10
83 1 39
50 7965 32534
38 1 40
13 26 54
52 1 46
53 1 20
72 1 46
27 1 15
54 1 33
33 1 41
28 1 10
24 1 25
38 1 31
45 1 2
28 1 24
69 1 17
68 1 4
48 1 24
13 1 24
56 1 41
32 1 20
73 1 20
66 424 8
37 1 0
29 1 10
26 1 7
6 1 12
20 1 13
33 1 26
72 1 38
65 1 2
32 1 7
43 1 0
39 1 19
87 1 14
14 1 4
82 1 34
81 1 3
65 1 4
65 1 45
68 1 39
22 1 2
40 1 41
2 1 31
24 1 4
72 1 52
31 1 26
3 1 16
27 1 9
18 1 5
83 1 52
7 1 39
78 1 58
8 1 11
71 1 16
74 1 53
24 1 14
53 3 32
6 123 69
80 1 46
72 1 41
42 1 33
79 1 2
41 1 24
86 1 34
89 1 29
7 173 932
4 151 641
33 1 34
63 20517 78709
19 1 46
7 1 18
11 1 3
89 1 2
78 1 15
17 8552 235299
82 1 53
88 2012 210
29 10138 124084
17 1 35
28 1 15
21 1 53
80 1 32
68 47 84
33 1 12
53 1 8
88 1 20
7 1 25
54 1 24
29 1 40
2 1 34
76 1 5
55 1 30
22 1 27
67 3 37
17 1 48
10 1 2
54 1 51
18 28 110
72 1 15
67 1 8
6 1 10
88 1 45
26 1 4
86 1 33
22 1 3
19 1 42
78 1 8
83 1 30
82 1 26
22 1 28
45 1 32
56 3622 263118
7 460 1620
85 1 24
83 1 58
44 7266 383458
6 1 5
72 1 2
79 1 7
88 1 8
88 2359 616119
37 1 3
3 1 20
32 1 23
38 1 38
55 1 24
32 1 2
72 1 30
33 1 27
0 1 20
72 1 3
63 1 57
27 1 17
77 26742 122713
52 1 26
70 1 10
22 1 10
74 1 28
89 1 0
21 1 19
60 44 91
72 1 24
49 1 18
67 1 28
58 1 5
3 1 52
18 1 4
17 1 41
80 1 3
18 20 290
19 1 30
78 23424 47316
39 1 4
21 1 25
19 1 4
68 1 5
54 1 38
78 1 22
75 8783 157580
46 1 9
69 1 10
67 1 5
37 11698 870270
88 10 148
54 1 27
22 70 83
26 1 42
22 1 5
43 1 5
27 1 11
80 1 50
26 1 30
38 1 15
45 20667 107861
41 1 5
69 24559 18396
13 1 15
55 1 11
29 1 39
60 1 10
67 1 4
42 1 7
11 1 18
33 1 15
24 1 5
76 1 13
22 1 18
21 1 18
37 1 18
61 1 0
38 584 27650
33 1 28
76 24243 108693
71 1 2
39 1 3
58 1 17
82 1 50
47 1 8
69 1 6
32 8932 289737
28 4490 19530
32 76 75
32 1 22
45 1 13
46 1 7
73 1 25
20 1 10
82 1 6
38 1 1
24 29 189
19 1680 127921
32 1 13
8 1 8
59 1 0
19 1 28
3 1 4
45 5 23
24 1 24
88 1 55
14 1 8
11 23168 38113
52 1 25
54 1 4
85 26 83
25 3 8
28 1 12
2 1 35
55 1 25
17 1 18
58 1 10
68 1 3
86 1 28
88 1 43
40 1 3
45 1 17
61 1 6
24 28570 759706
45 218 15155
48 1 9
63 1 3
54 1 44
41 1 29
19 1 6
8 1 38
40 1 43
71 1 1
2 1 21
30 25354 18384
11 382 44
6 1 4
31 1 11
36 1 2
28 1 4
30 18151 550187
80 1 30
84 1 19
38 1 3
9 13656 632291
64 1 15
39 1 37
76 27 200
48 1 22
24 32377 40215
39 1 8
17 1 50
51 969 1320
37 1 22
85 1 8
3 1 13
74 12071 152738
80 1 22
55 1 23
49 1 22
8 1 1
30 8340 162123
80 1 36
82 1 27
67 1 7
74 1 13
68 1 9
82 1 23
77 1 6
56 1 14
29 1 14
73 1 2
64 23877 201904
41 7581 202691
56 1 33
26 1 35
74 1 47
24 1 0
0 17 805688
56 2 75
25 1 6
31 4264 3068
46 2 34
7 1 23
89 1 21
33 1 47
89 1 35
85 32095 32062
17 1 42
56 1 36
80 1 16
84 1 23
86 1 11
45 1 20
37 1 10
78 1 54
77 1 7
84 1 30
34 13 26
58 16 35
48 1 26
63 1 15
57 404 65774
42 1 1
48 1 34
3 1 2
34 1 1
18 14624 22752
37 1 21
19 1 17
3 1 45
47 93 1285
78 1 35
78 1 5
38 1 21
2 2453 6243
69 1 15
32 1 8
27 1 21
33 1 9
7 17632 93175
17 1 33
53 1 3
63 1 17
90 1 5
53 1 17
24 1 1
89 1 9
2 1 41
56 1 26
19 1 29
56 1 20
73 1 11
75 1 9
83 1 24
42 1 30
47 2890 11870
38 1 46
82 1 33
22 1 4
78 1 39
57 1 17
14 1 25
81 29064 470482
59 25645 13667
0 1 8
25 1 2
70 6 28
90 10110 3255
65 1 21
68 1 21
55 1 5
43 28311 441264
67 1 1
41 3431 1718
34 47 164
14 1 11
31 1 4
82 1 42
77 1 5
38 1 6
85 1 3
79 1 24
64 20206 278245
32 1 24
85 1 34
80 1 6
72 127 81
33 1 44
8 1 2
82 47 657
63 1 26
68 1 41
61 11649 109939
22 1 34
20 1 6
80 22 94
39 1 32
56 1 22
61 1 5
73 1 4
8 1 29
77 698 180840
51 32429 16619
17 1 40
90 1 0
19 1 35
82 481 67
0 1 9
39 1 42
62 3871 8672
31 1 20
70 1 6
24 1 29
41 4838 25780
37 1 14
84 1 25
22 1 33
29 5 53
61 1 18
19 1 36
3 154 282
