50000
0
49990
1
49979
0
49968
1
49957
0
49946
0
49935
1
49924
1
49913
0
49902
1
49891
0
49880
1
49869
0
49858
0
49847
0
49836
2
49825
0
49814
1
49803
0
49792
0
49781
2
49770
0
49759
1
49748
0
49737
0
49726
0
49715
0
49704
0
49693
0
49682
0
49671
0
49660
0
49649
0
49638
0
49627
0
49616
1
49605
0
49594
0
49583
0
49572
0
49561
0
49550
2
49539
2
49528
1
49517
1
49506
1
49495
1
49484
0
49473
0
49462
1
49451
0
49440
0
49429
1
49418
0
49407
1
49396
0
49385
1
49374
0
49363
0
49352
0
49341
0
49330
0
49319
1
49308
0
49297
1
49286
0
49275
2
49264
0
49253
0
49242
0
49231
1
49220
0
49209
1
49198
0
49187
0
49176
0
49165
0
49154
1
49143
0
49132
0
49121
0
49110
1
49099
1
49088
2
49077
0
49066
0
49055
2
49044
0
49033
0
49022
0
49011
0
49000
4
48989
1
48978
0
48967
0
48956
1
48945
0
48934
0
48923
1
48912
1
48901
0
48890
1
48879
0
48868
0
48857
0
48846
1
48835
0
48824
0
48813
0
48802
0
48791
0
48780
0
48769
0
48758
1
48747
0
48736
2
48725
0
48714
0
48703
2
48692
0
48681
0
48670
0
48659
1
48648
0
48637
1
48626
0
48615
0
48604
0
48593
1
48582
1
48571
0
48560
1
48549
0
48538
0
48527
1
48516
0
48505
0
48494
0
48483
0
48472
0
48461
0
48450
0
48439
0
48428
1
48417
1
48406
1
48395
0
48384
0
48373
1
48362
1
48351
2
48340
0
48329
0
48318
0
48307
0
48296
0
48285
0
48274
0
48263
2
48252
0
48241
0
48230
0
48219
2
48208
0
48197
1
48186
1
48175
2
48164
3
48153
0
48142
0
48131
0
48120
0
48109
0
48098
0
48087
1
48076
0
48065
0
48054
2
48043
0
48032
0
48021
0
48010
1
47999
0
47988
0
47977
0
47966
1
47955
0
47944
1
47933
0
47922
1
47911
1
47900
0
47889
0
47878
0
47867
0
47856
0
47845
0
47834
0
47823
3
47812
0
47801
0
47790
2
47779
1
47768
0
47757
0
47746
0
47735
0
47724
0
47713
0
47702
0
47691
3
47680
0
47669
0
47658
0
47647
1
47636
1
47625
0
47614
0
47603
0
47592
0
47581
3
47570
0
47559
0
47548
0
47537
1
47526
0
47515
0
47504
1
47493
0
47482
0
47471
0
47460
0
47449
1
47438
0
47427
0
47416
0
47405
1
47394
0
47383
0
47372
0
47361
0
47350
0
47339
0
47328
0
47317
0
47306
0
47295
0
47284
1
47273
0
47262
0
47251
2
47240
0
47229
0
47218
0
47207
1
47196
0
47185
0
47174
0
47163
0
47152
0
47141
0
47130
1
47119
0
47108
1
47097
1
47086
1
47075
0
47064
1
47053
0
47042
0
47031
0
47020
1
47009
0
46998
0
46987
2
46976
0
46965
0
46954
0
46943
1
46932
0
46921
0
46910
0
46899
0
46888
0
46877
2
46866
0
46855
1
46844
1
46833
0
46822
0
46811
1
46800
1
46789
0
46778
1
46767
0
46756
0
46745
0
46734
0
46723
0
46712
0
46701
0
46690
0
46679
0
46668
0
46657
2
46646
1
46635
0
46624
0
46613
0
46602
0
46591
1
46580
0
46569
0
46558
0
46547
1
46536
1
46525
0
46514
0
46503
0
46492
0
46481
0
46470
0
46459
0
46448
0
46437
0
46426
1
46415
0
46404
1
46393
0
46382
2
46371
0
46360
0
46349
0
46338
0
46327
0
46316
1
46305
0
46294
0
46283
1
46272
0
46261
0
46250
0
46239
0
46228
0
46217
1
46206
1
46195
0
46184
1
46173
3
46162
0
46151
0
46140
0
46129
0
46118
0
46107
0
46096
1
46085
1
46074
0
46063
0
46052
0
46041
0
46030
0
46019
0
46008
0
45997
2
45986
0
45975
0
45964
5
45953
0
45942
0
45931
1
45920
0
45909
0
45898
0
45887
0
45876
0
45865
2
45854
1
45843
0
45832
0
45821
2
45810
3
45799
1
45788
1
45777
1
45766
0
45755
0
45744
1
45733
1
45722
0
45711
1
45700
0
45689
1
45678
1
45667
0
45656
4
45645
2
45634
1
45623
0
45612
2
45601
1
45590
2
45579
0
45568
1
45557
1
45546
2
45535
1
45524
1
45513
0
45502
0
45491
0
45480
0
45469
1
45458
2
45447
0
45436
0
45425
0
45414
0
45403
0
45392
1
45381
0
45370
5
45359
1
45348
0
45337
0
45326
0
45315
2
45304
1
45293
1
45282
0
45271
0
45260
0
45249
0
45238
0
45227
3
45216
0
45205
0
45194
2
45183
2
45172
1
45161
0
45150
0
45139
0
45128
0
45117
0
45106
4
45095
1
45084
0
45073
1
45062
0
45051
0
45040
1
45029
0
45018
2
45007
1
44996
0
44985
1
44974
0
44963
1
44952
1
44941
0
44930
1
44919
1
44908
2
44897
2
44886
0
44875
2
44864
0
44853
0
44842
0
44831
0
44820
0
44809
1
44798
2
44787
0
44776
2
44765
1
44754
2
44743
0
44732
1
44721
0
44710
0
44699
0
44688
2
44677
0
44666
1
44655
0
44644
2
44633
0
44622
1
44611
0
44600
3
44589
0
44578
0
44567
3
44556
0
44545
0
44534
0
44523
0
44512
0
44501
0
44490
0
44479
0
44468
0
44457
1
44446
0
44435
1
44424
0
44413
1
44402
1
44391
0
44380
0
44369
0
44358
1
44347
0
44336
1
44325
0
44314
0
44303
0
44292
0
44281
1
44270
0
44259
0
44248
0
44237
0
44226
2
44215
0
44204
4
44193
0
44182
0
44171
2
44160
0
44149
1
44138
0
44127
1
44116
1
44105
0
44094
0
44083
0
44072
1
44061
0
44050
0
44039
0
44028
2
44017
0
44006
0
43995
0
43984
0
43973
1
43962
0
43951
1
43940
0
43929
0
43918
0
43907
0
43896
2
43885
0
43874
0
43863
1
43852
0
43841
1
43830
0
43819
1
43808
2
43797
0
43786
1
43775
1
43764
1
43753
2
43742
1
43731
0
43720
0
43709
1
43698
0
43687
1
43676
0
43665
1
43654
0
43643
2
43632
0
43621
1
43610
2
43599
0
43588
2
43577
1
43566
0
43555
0
43544
0
43533
0
43522
0
43511
0
43500
0
43489
0
43478
0
43467
0
43456
2
43445
0
43434
0
43423
0
43412
0
43401
3
43390
0
43379
0
43368
0
43357
0
43346
1
43335
0
43324
0
43313
0
43302
1
43291
0
43280
0
43269
0
43258
1
43247
0
43236
0
43225
0
43214
0
43203
0
43192
0
43181
0
43170
0
43159
1
43148
1
43137
0
43126
1
43115
1
43104
2
43093
0
43082
2
43071
0
43060
1
43049
2
43038
1
43027
0
43016
0
43005
0
42994
0
42983
2
42972
3
42961
0
42950
0
42939
0
42928
1
42917
1
42906
0
42895
0
42884
0
42873
4
42862
2
42851
1
42840
0
42829
2
42818
0
42807
1
42796
0
42785
1
42774
2
42763
0
42752
0
42741
2
42730
0
42719
0
42708
0
42697
3
42686
0
42675
0
42664
1
42653
0
42642
0
42631
0
42620
2
42609
1
42598
1
42587
0
42576
1
42565
0
42554
0
42543
0
42532
0
42521
0
42510
0
42499
0
42488
0
42477
0
42466
0
42455
0
42444
1
42433
0
42422
0
42411
1
42400
1
42389
0
42378
2
42367
1
42356
1
42345
0
42334
0
42323
0
42312
1
42301
0
42290
0
42279
1
42268
1
42257
0
42246
1
42235
1
42224
1
42213
0
42202
1
42191
0
42180
1
42169
2
42158
0
42147
0
42136
1
42125
1
42114
0
42103
0
42092
2
42081
0
42070
1
42059
0
42048
0
42037
0
42026
0
42015
0
42004
0
41993
2
41982
2
41971
0
41960
1
41949
1
41938
0
41927
0
41916
2
41905
0
41894
0
41883
1
41872
1
41861
1
41850
0
41839
0
41828
0
41817
0
41806
1
41795
1
41784
0
41773
0
41762
1
41751
0
41740
0
41729
0
41718
0
41707
2
41696
1
41685
1
41674
0
41663
0
41652
0
41641
0
41630
0
41619
0
41608
1
41597
1
41586
0
41575
0
41564
0
41553
1
41542
0
41531
0
41520
0
41509
0
41498
0
41487
0
41476
0
41465
1
41454
0
41443
0
41432
0
41421
2
41410
0
41399
0
41388
0
41377
0
41366
0
41355
3
41344
0
41333
0
41322
0
41311
0
41300
1
41289
1
41278
0
41267
1
41256
3
41245
0
41234
0
41223
3
41212
0
41201
2
41190
0
41179
0
41168
1
41157
1
41146
0
41135
0
41124
1
41113
1
41102
0
41091
0
41080
0
41069
0
41058
0
41047
0
41036
0
41025
0
41014
0
41003
0
40992
0
40981
3
40970
0
40959
0
40948
3
40937
0
40926
0
40915
0
40904
0
40893
0
40882
0
40871
2
40860
0
40849
2
40838
0
40827
0
40816
0
40805
4
40794
0
40783
1
40772
1
40761
2
40750
0
40739
0
40728
0
40717
0
40706
1
40695
0
40684
0
40673
0
40662
0
40651
0
40640
1
40629
0
40618
2
40607
0
40596
1
40585
1
40574
0
40563
0
40552
0
40541
0
40530
0
40519
0
40508
0
40497
0
40486
2
40475
1
40464
0
40453
0
40442
5
40431
0
40420
0
40409
0
40398
1
40387
0
40376
0
40365
0
40354
0
40343
3
40332
0
40321
0
40310
0
40299
0
40288
0
40277
1
40266
2
40255
0
40244
0
40233
1
40222
0
40211
0
40200
0
40189
1
40178
2
40167
0
40156
0
40145
1
40134
0
40123
4
40112
0
40101
0
40090
0
40079
0
40068
0
40057
0
40046
1
40035
0
40024
2
40013
0
40002
0
39991
0
39980
0
39969
0
39958
0
39947
1
39936
0
39925
1
39914
0
39903
0
39892
0
39881
0
39870
0
39859
1
39848
1
39837
0
39826
2
39815
0
39804
0
39793
0
39782
1
39771
1
39760
0
39749
1
39738
0
39727
0
39716
0
39705
1
39694
0
39683
0
39672
0
39661
2
39650
0
39639
1
39628
0
39617
1
39606
2
39595
0
39584
1
39573
0
39562
1
39551
0
39540
0
39529
0
39518
0
39507
1
39496
0
39485
1
39474
0
39463
0
39452
0
39441
1
39430
0
39419
0
39408
0
39397
0
39386
0
39375
0
39364
1
39353
0
39342
0
39331
0
39320
1
39309
0
39298
0
39287
4
39276
0
39265
1
39254
0
39243
0
39232
0
39221
1
39210
0
39199
0
39188
0
39177
0
39166
3
39155
0
39144
1
39133
0
39122
2
39111
1
39100
0
39089
0
39078
3
39067
0
39056
0
39045
1
39034
0
39023
0
39012
0
39001
0
38990
0
38979
0
38968
0
38957
0
38946
0
38935
1
38924
1
38913
0
38902
4
38891
0
38880
0
38869
0
38858
0
38847
0
38836
0
38825
1
38814
0
38803
0
38792
0
38781
0
38770
1
38759
3
38748
0
38737
0
38726
1
38715
0
38704
0
38693
1
38682
2
38671
0
38660
1
38649
1
38638
1
38627
0
38616
0
38605
2
38594
0
38583
1
38572
2
38561
1
38550
0
38539
1
38528
0
38517
0
38506
0
38495
0
38484
1
38473
1
38462
0
38451
0
38440
1
38429
2
38418
2
38407
0
38396
1
38385
0
38374
0
38363
1
38352
1
38341
2
38330
0
38319
0
38308
0
38297
0
38286
0
38275
3
38264
0
38253
0
38242
0
38231
0
38220
1
38209
0
38198
0
38187
2
38176
1
38165
0
38154
1
38143
3
38132
0
38121
0
38110
0
38099
0
38088
1
38077
0
38066
0
38055
0
38044
1
38033
0
38022
1
38011
0
38000
0
37989
0
37978
0
37967
0
37956
0
37945
0
37934
0
37923
0
37912
1
37901
0
37890
1
37879
0
37868
1
37857
0
37846
0
37835
2
37824
0
37813
0
37802
1
37791
1
37780
2
37769
0
37758
0
37747
1
37736
0
37725
0
37714
0
37703
0
37692
0
37681
0
37670
0
37659
1
37648
0
37637
1
37626
0
37615
1
37604
0
37593
2
37582
1
37571
0
37560
1
37549
1
37538
0
37527
0
37516
0
37505
1
37494
0
37483
0
37472
1
37461
0
37450
0
37439
0
37428
0
37417
0
37406
0
37395
0
37384
0
37373
0
37362
1
37351
1
37340
2
37329
1
37318
0
37307
0
37296
0
37285
1
37274
0
37263
1
37252
0
37241
1
37230
1
37219
3
37208
2
37197
1
37186
0
37175
0
37164
0
37153
0
37142
1
37131
2
37120
0
37109
1
37098
0
37087
0
37076
0
37065
0
37054
0
37043
1
37032
2
37021
0
37010
0
36999
3
36988
0
36977
0
36966
0
36955
3
36944
1
36933
0
36922
1
36911
2
36900
0
36889
1
36878
1
36867
0
36856
0
36845
1
36834
0
36823
0
36812
0
36801
0
36790
1
36779
1
36768
1
36757
2
36746
1
36735
0
36724
0
36713
1
36702
0
36691
1
36680
1
36669
0
36658
0
36647
0
36636
0
36625
0
36614
0
36603
1
36592
0
36581
0
36570
0
36559
3
36548
1
36537
0
36526
0
36515
2
36504
1
36493
1
36482
0
36471
0
36460
0
36449
0
36438
0
36427
0
36416
0
36405
0
36394
1
36383
4
36372
0
36361
3
36350
0
36339
1
36328
1
36317
0
36306
1
36295
0
36284
0
36273
0
36262
0
36251
0
36240
1
36229
0
36218
0
36207
0
36196
4
36185
1
36174
0
36163
0
36152
0
36141
1
36130
3
36119
0
36108
0
36097
2
36086
1
36075
2
36064
0
36053
0
36042
0
36031
0
36020
0
36009
0
35998
0
35987
1
35976
0
35965
0
35954
0
35943
0
35932
0
35921
0
35910
1
35899
3
35888
1
35877
1
35866
0
35855
0
35844
0
35833
2
35822
0
35811
0
35800
1
35789
0
35778
0
35767
3
35756
0
35745
0
35734
0
35723
1
35712
1
35701
1
35690
0
35679
0
35668
0
35657
0
35646
2
35635
0
35624
0
35613
0
35602
2
35591
0
35580
0
35569
4
35558
2
35547
2
35536
0
35525
2
35514
0
35503
0
35492
1
35481
0
35470
1
35459
0
35448
1
35437
0
35426
1
35415
0
35404
0
35393
0
35382
0
35371
1
35360
0
35349
2
35338
1
35327
0
35316
0
35305
0
35294
3
35283
1
35272
0
35261
3
35250
0
35239
0
35228
0
35217
0
35206
0
35195
0
35184
1
35173
0
35162
3
35151
2
35140
0
35129
0
35118
0
35107
1
35096
0
35085
0
35074
2
35063
0
35052
1
35041
0
35030
1
35019
0
35008
0
34997
0
34986
0
34975
1
34964
1
34953
1
34942
0
34931
0
34920
0
34909
3
34898
0
34887
0
34876
2
34865
0
34854
1
34843
0
34832
0
34821
2
34810
1
34799
0
34788
0
34777
0
34766
0
34755
0
34744
0
34733
0
34722
0
34711
0
34700
2
34689
0
34678
0
34667
1
34656
2
34645
1
34634
1
34623
2
34612
0
34601
1
34590
0
34579
0
34568
0
34557
0
34546
1
34535
0
34524
0
34513
1
34502
1
34491
1
34480
3
34469
1
34458
0
34447
0
34436
0
34425
0
34414
2
34403
1
34392
0
34381
1
34370
2
34359
1
34348
0
34337
1
34326
0
34315
1
34304
0
34293
0
34282
0
34271
0
34260
0
34249
0
34238
0
34227
0
34216
0
34205
0
34194
0
34183
0
34172
0
34161
0
34150
1
34139
0
34128
0
34117
0
34106
0
34095
0
34084
2
34073
0
34062
0
34051
0
34040
0
34029
0
34018
0
34007
1
33996
2
33985
0
33974
3
33963
0
33952
1
33941
2
33930
1
33919
0
33908
1
33897
0
33886
0
33875
0
33864
0
33853
0
33842
0
33831
1
33820
0
33809
1
33798
0
33787
0
33776
0
33765
0
33754
0
33743
0
33732
0
33721
0
33710
0
33699
1
33688
1
33677
0
33666
1
33655
0
33644
0
33633
0
33622
0
33611
0
33600
0
33589
1
33578
0
33567
0
33556
0
33545
1
33534
0
33523
1
33512
0
33501
1
33490
0
33479
1
33468
0
33457
0
33446
1
33435
0
33424
0
33413
0
33402
0
33391
1
33380
0
33369
0
33358
0
33347
1
33336
0
33325
0
33314
0
33303
1
33292
0
33281
0
33270
1
33259
1
33248
0
33237
1
33226
0
33215
0
33204
0
33193
1
33182
0
33171
0
33160
0
33149
0
33138
3
33127
1
33116
0
33105
1
33094
0
33083
3
33072
0
33061
0
33050
0
33039
0
33028
0
33017
0
33006
0
32995
0
32984
1
32973
0
32962
0
32951
3
32940
2
32929
0
32918
0
32907
0
32896
0
32885
0
32874
5
32863
1
32852
0
32841
1
32830
0
32819
0
32808
1
32797
0
32786
0
32775
0
32764
0
32753
0
32742
1
32731
1
32720
1
32709
1
32698
0
32687
0
32676
0
32665
2
32654
1
32643
0
32632
0
32621
0
32610
0
32599
0
32588
0
32577
0
32566
0
32555
0
32544
0
32533
0
32522
1
32511
0
32500
0
32489
0
32478
1
32467
0
32456
1
32445
1
32434
0
32423
1
32412
0
32401
1
32390
0
32379
0
32368
2
32357
0
32346
0
32335
1
32324
0
32313
0
32302
0
32291
0
32280
0
32269
0
32258
4
32247
0
32236
0
32225
0
32214
0
32203
0
32192
2
32181
0
32170
2
32159
2
32148
0
32137
1
32126
0
32115
2
32104
3
32093
0
32082
0
32071
0
32060
2
32049
0
32038
1
32027
0
32016
0
32005
0
31994
0
31983
0
31972
0
31961
0
31950
0
31939
0
31928
0
31917
1
31906
0
31895
0
31884
0
31873
0
31862
0
31851
0
31840
0
31829
0
31818
0
31807
0
31796
0
31785
3
31774
1
31763
0
31752
4
31741
0
31730
0
31719
0
31708
0
31697
0
31686
0
31675
0
31664
0
31653
0
31642
0
31631
0
31620
1
31609
0
31598
0
31587
0
31576
0
31565
0
31554
0
31543
1
31532
2
31521
0
31510
0
31499
0
31488
4
31477
2
31466
0
31455
0
31444
0
31433
1
31422
0
31411
0
31400
0
31389
0
31378
0
31367
3
31356
0
31345
0
31334
3
31323
0
31312
2
31301
2
31290
0
31279
0
31268
1
31257
1
31246
1
31235
0
31224
1
31213
0
31202
0
31191
0
31180
0
31169
1
31158
1
31147
1
31136
2
31125
0
31114
1
31103
0
31092
0
31081
0
31070
0
31059
4
31048
0
31037
1
31026
0
31015
4
31004
0
30993
0
30982
1
30971
0
30960
0
30949
0
30938
0
30927
0
30916
0
30905
0
30894
0
30883
0
30872
0
30861
1
30850
1
30839
0
30828
1
30817
2
30806
0
30795
0
30784
2
30773
0
30762
2
30751
0
30740
0
30729
0
30718
1
30707
0
30696
0
30685
0
30674
1
30663
1
30652
0
30641
1
30630
0
30619
1
30608
4
30597
1
30586
0
30575
2
30564
0
30553
0
30542
0
30531
0
30520
0
30509
2
30498
0
30487
1
30476
1
30465
0
30454
2
30443
0
30432
0
30421
0
30410
0
30399
1
30388
0
30377
0
30366
2
30355
0
30344
0
30333
0
30322
0
30311
0
30300
0
30289
0
30278
0
30267
0
30256
0
30245
3
30234
0
30223
3
30212
0
30201
0
30190
1
30179
0
30168
0
30157
0
30146
0
30135
1
30124
0
30113
0
30102
0
30091
3
30080
1
30069
0
30058
1
30047
0
30036
0
30025
0
30014
0
30003
0
29992
2
29981
0
29970
1
29959
4
29948
1
29937
0
29926
2
29915
0
29904
2
29893
0
29882
0
29871
0
29860
0
29849
1
29838
1
29827
0
29816
0
29805
0
29794
0
29783
0
29772
0
29761
0
29750
0
29739
0
29728
2
29717
0
29706
1
29695
0
29684
0
29673
0
29662
1
29651
0
29640
1
29629
0
29618
1
29607
0
29596
0
29585
3
29574
0
29563
2
29552
0
29541
0
29530
1
29519
2
29508
0
29497
0
29486
0
29475
0
29464
0
29453
0
29442
1
29431
0
29420
0
29409
1
29398
0
29387
0
29376
2
29365
0
29354
1
29343
0
29332
0
29321
0
29310
0
29299
0
29288
2
29277
0
29266
1
29255
1
29244
0
29233
0
29222
0
29211
0
29200
1
29189
0
29178
0
29167
3
29156
2
29145
0
29134
0
29123
1
29112
0
29101
0
29090
0
29079
1
29068
0
29057
1
29046
0
29035
3
29024
0
29013
0
29002
0
28991
3
28980
0
28969
3
28958
0
28947
0
28936
0
28925
1
28914
0
28903
0
28892
0
28881
0
28870
0
28859
0
28848
3
28837
0
28826
0
28815
0
28804
1
28793
0
28782
0
28771
1
28760
0
28749
0
28738
0
28727
0
28716
0
28705
0
28694
0
28683
0
28672
1
28661
0
28650
0
28639
0
28628
0
28617
1
28606
0
28595
0
28584
0
28573
1
28562
0
28551
0
28540
0
28529
2
28518
1
28507
0
28496
0
28485
2
28474
0
28463
2
28452
0
28441
0
28430
1
28419
0
28408
0
28397
0
28386
0
28375
0
28364
0
28353
1
28342
1
28331
1
28320
0
28309
0
28298
1
28287
1
28276
0
28265
0
28254
0
28243
0
28232
0
28221
1
28210
1
28199
0
28188
0
28177
0
28166
3
28155
2
28144
1
28133
0
28122
0
28111
0
28100
0
28089
1
28078
0
28067
0
28056
0
28045
0
28034
0
28023
1
28012
0
28001
1
27990
0
27979
0
27968
0
27957
1
27946
0
27935
1
27924
1
27913
0
27902
0
27891
1
27880
1
27869
0
27858
0
27847
1
27836
0
27825
4
27814
0
27803
0
27792
1
27781
0
27770
0
27759
0
27748
2
27737
0
27726
3
27715
0
27704
0
27693
0
27682
1
27671
0
27660
0
27649
0
27638
0
27627
1
27616
1
27605
0
27594
1
27583
1
27572
0
27561
0
27550
0
27539
0
27528
0
27517
0
27506
1
27495
1
27484
1
27473
0
27462
4
27451
2
27440
0
27429
1
27418
1
27407
0
27396
1
27385
1
27374
0
27363
0
27352
0
27341
1
27330
2
27319
0
27308
0
27297
2
27286
0
27275
0
27264
4
27253
0
27242
1
27231
0
27220
0
27209
0
27198
0
27187
0
27176
0
27165
3
27154
0
27143
0
27132
0
27121
1
27110
1
27099
1
27088
0
27077
0
27066
0
27055
1
27044
0
27033
0
27022
0
27011
2
27000
0
26989
2
26978
0
26967
0
26956
1
26945
0
26934
0
26923
0
26912
0
26901
0
26890
1
26879
0
26868
2
26857
1
26846
0
26835
0
26824
0
26813
0
26802
0
26791
0
26780
1
26769
1
26758
2
26747
0
26736
3
26725
0
26714
1
26703
0
26692
0
26681
0
26670
1
26659
4
26648
1
26637
4
26626
0
26615
0
26604
2
26593
2
26582
1
26571
0
26560
0
26549
0
26538
0
26527
0
26516
0
26505
0
26494
0
26483
2
26472
0
26461
0
26450
1
26439
0
26428
0
26417
1
26406
0
26395
0
26384
0
26373
0
26362
0
26351
0
26340
0
26329
2
26318
0
26307
2
26296
0
26285
0
26274
1
26263
1
26252
0
26241
1
26230
0
26219
0
26208
2
26197
2
26186
0
26175
0
26164
0
26153
0
26142
0
26131
0
26120
0
26109
0
26098
1
26087
0
26076
0
26065
1
26054
0
26043
1
26032
0
26021
0
26010
0
25999
0
25988
0
25977
0
25966
0
25955
0
25944
1
25933
0
25922
2
25911
0
25900
0
25889
0
25878
0
25867
0
25856
1
25845
1
25834
0
25823
1
25812
0
25801
0
25790
1
25779
1
25768
0
25757
0
25746
0
25735
0
25724
0
25713
4
25702
0
25691
1
25680
0
25669
0
25658
0
25647
0
25636
0
25625
1
25614
0
25603
0
25592
0
25581
1
25570
0
25559
0
25548
1
25537
0
25526
2
25515
0
25504
1
25493
1
25482
0
25471
1
25460
1
25449
2
25438
0
25427
1
25416
0
25405
2
25394
0
25383
0
25372
0
25361
1
25350
0
25339
0
25328
0
25317
0
25306
0
25295
0
25284
0
25273
1
25262
0
25251
2
25240
0
25229
1
25218
0
25207
1
25196
0
25185
0
25174
0
25163
1
25152
0
25141
0
25130
0
25119
0
25108
0
25097
0
25086
0
25075
0
25064
0
25053
0
25042
0
25031
1
25020
3
25009
0
24998
2
24987
0
24976
0
24965
1
24954
0
24943
0
24932
0
24921
1
24910
0
24899
0
24888
0
24877
0
24866
0
24855
0
24844
1
24833
1
24822
1
24811
0
24800
1
24789
0
24778
0
24767
0
24756
0
24745
0
24734
0
24723
1
24712
0
24701
0
24690
0
24679
0
24668
1
24657
2
24646
0
24635
1
24624
2
24613
0
24602
0
24591
0
24580
0
24569
0
24558
1
24547
1
24536
0
24525
2
24514
0
24503
1
24492
0
24481
1
24470
1
24459
0
24448
0
24437
0
24426
0
24415
0
24404
1
24393
3
24382
1
24371
0
24360
0
24349
0
24338
0
24327
1
24316
0
24305
0
24294
0
24283
0
24272
0
24261
0
24250
0
24239
0
24228
0
24217
0
24206
1
24195
2
24184
0
24173
0
24162
0
24151
2
24140
0
24129
0
24118
1
24107
2
24096
0
24085
0
24074
0
24063
0
24052
1
24041
0
24030
0
24019
0
24008
2
23997
0
23986
0
23975
2
23964
3
23953
0
23942
0
23931
0
23920
1
23909
0
23898
0
23887
2
23876
0
23865
1
23854
1
23843
1
23832
2
23821
0
23810
2
23799
0
23788
1
23777
0
23766
0
23755
0
23744
0
23733
0
23722
0
23711
2
23700
0
23689
1
23678
0
23667
1
23656
1
23645
0
23634
2
23623
1
23612
0
23601
0
23590
0
23579
0
23568
0
23557
0
23546
0
23535
0
23524
0
23513
0
23502
0
23491
0
23480
4
23469
0
23458
0
23447
2
23436
0
23425
0
23414
1
23403
0
23392
0
23381
0
23370
0
23359
1
23348
0
23337
1
23326
0
23315
0
23304
0
23293
0
23282
0
23271
0
23260
2
23249
0
23238
1
23227
0
23216
1
23205
1
23194
0
23183
0
23172
1
23161
0
23150
0
23139
1
23128
1
23117
0
23106
1
23095
0
23084
1
23073
1
23062
0
23051
1
23040
0
23029
0
23018
0
23007
3
22996
0
22985
0
22974
2
22963
2
22952
0
22941
2
22930
2
22919
0
22908
0
22897
1
22886
0
22875
0
22864
0
22853
0
22842
1
22831
0
22820
0
22809
2
22798
1
22787
0
22776
0
22765
0
22754
2
22743
0
22732
0
22721
1
22710
1
22699
1
22688
0
22677
1
22666
0
22655
1
22644
0
22633
0
22622
3
22611
0
22600
0
22589
0
22578
0
22567
0
22556
1
22545
0
22534
2
22523
0
22512
0
22501
0
22490
1
22479
0
22468
2
22457
0
22446
0
22435
1
22424
0
22413
0
22402
0
22391
0
22380
2
22369
1
22358
0
22347
1
22336
0
22325
1
22314
0
22303
1
22292
0
22281
0
22270
1
22259
0
22248
0
22237
2
22226
0
22215
1
22204
1
22193
1
22182
0
22171
2
22160
0
22149
0
22138
0
22127
1
22116
0
22105
0
22094
0
22083
2
22072
0
22061
2
22050
0
22039
0
22028
0
22017
1
22006
0
21995
0
21984
0
21973
0
21962
0
21951
0
21940
0
21929
2
21918
1
21907
0
21896
0
21885
0
21874
0
21863
0
21852
0
21841
0
21830
0
21819
0
21808
0
21797
1
21786
0
21775
3
21764
1
21753
0
21742
0
21731
0
21720
2
21709
0
21698
1
21687
0
21676
0
21665
0
21654
0
21643
0
21632
5
21621
0
21610
2
21599
0
21588
0
21577
1
21566
0
21555
1
21544
0
21533
0
21522
0
21511
1
21500
0
21489
1
21478
0
21467
0
21456
0
21445
0
21434
0
21423
0
21412
0
21401
0
21390
1
21379
1
21368
3
21357
0
21346
0
21335
1
21324
0
21313
0
21302
0
21291
1
21280
0
21269
0
21258
0
21247
0
21236
3
21225
0
21214
1
21203
0
21192
0
21181
3
21170
1
21159
0
21148
1
21137
0
21126
0
21115
0
21104
0
21093
1
21082
1
21071
2
21060
2
21049
0
21038
0
21027
0
21016
1
21005
0
20994
0
20983
0
20972
0
20961
0
20950
0
20939
0
20928
0
20917
2
20906
3
20895
0
20884
0
20873
0
20862
2
20851
1
20840
0
20829
0
20818
3
20807
1
20796
0
20785
0
20774
0
20763
0
20752
0
20741
0
20730
3
20719
0
20708
0
20697
2
20686
1
20675
1
20664
0
20653
0
20642
1
20631
0
20620
0
20609
0
20598
0
20587
3
20576
1
20565
1
20554
2
20543
0
20532
0
20521
2
20510
0
20499
1
20488
0
20477
0
20466
1
20455
0
20444
3
20433
1
20422
0
20411
1
20400
1
20389
0
20378
1
20367
0
20356
0
20345
0
20334
0
20323
0
20312
1
20301
1
20290
0
20279
3
20268
0
20257
0
20246
0
20235
0
20224
0
20213
1
20202
0
20191
0
20180
0
20169
0
20158
0
20147
0
20136
1
20125
0
20114
0
20103
2
20092
0
20081
0
20070
1
20059
3
20048
0
20037
0
20026
2
20015
0
20004
1
19993
0
19982
0
19971
0
19960
1
19949
0
19938
0
19927
0
19916
0
19905
0
19894
1
19883
1
19872
0
19861
0
19850
0
19839
0
19828
1
19817
1
19806
0
19795
1
19784
1
19773
2
19762
0
19751
0
19740
0
19729
0
19718
2
19707
0
19696
0
19685
0
19674
0
19663
0
19652
0
19641
0
19630
0
19619
1
19608
0
19597
0
19586
1
19575
0
19564
0
19553
0
19542
2
19531
0
19520
0
19509
1
19498
1
19487
0
19476
0
19465
0
19454
0
19443
0
19432
2
19421
0
19410
0
19399
0
19388
0
19377
0
19366
0
19355
0
19344
2
19333
0
19322
0
19311
0
19300
0
19289
3
19278
0
19267
0
19256
1
19245
0
19234
1
19223
1
19212
0
19201
4
19190
0
19179
0
19168
0
19157
1
19146
1
19135
1
19124
0
19113
0
19102
0
19091
0
19080
0
19069
1
19058
0
19047
3
19036
0
19025
2
19014
0
19003
0
18992
0
18981
0
18970
0
18959
2
18948
0
18937
1
18926
0
18915
1
18904
0
18893
1
18882
0
18871
3
18860
1
18849
0
18838
0
18827
0
18816
1
18805
1
18794
0
18783
0
18772
0
18761
0
18750
2
18739
0
18728
0
18717
1
18706
0
18695
3
18684
0
18673
0
18662
0
18651
1
18640
0
18629
1
18618
0
18607
2
18596
0
18585
0
18574
0
18563
0
18552
0
18541
0
18530
1
18519
0
18508
0
18497
0
18486
4
18475
0
18464
0
18453
2
18442
1
18431
0
18420
0
18409
0
18398
0
18387
0
18376
0
18365
0
18354
1
18343
1
18332
1
18321
0
18310
1
18299
0
18288
0
18277
2
18266
0
18255
2
18244
0
18233
0
18222
0
18211
1
18200
0
18189
1
18178
0
18167
1
18156
0
18145
0
18134
0
18123
0
18112
1
18101
0
18090
2
18079
0
18068
1
18057
1
18046
0
18035
0
18024
1
18013
0
18002
0
17991
0
17980
0
17969
4
17958
1
17947
0
17936
0
17925
1
17914
1
17903
0
17892
1
17881
0
17870
0
17859
2
17848
0
17837
2
17826
0
17815
1
17804
0
17793
0
17782
0
17771
0
17760
0
17749
0
17738
0
17727
0
17716
0
17705
1
17694
0
17683
0
17672
0
17661
0
17650
0
17639
3
17628
1
17617
0
17606
0
17595
1
17584
0
17573
0
17562
1
17551
2
17540
0
17529
0
17518
1
17507
1
17496
0
17485
0
17474
0
17463
0
17452
2
17441
0
17430
0
17419
0
17408
0
17397
0
17386
1
17375
0
17364
0
17353
1
17342
3
17331
0
17320
0
17309
0
17298
0
17287
0
17276
1
17265
0
17254
0
17243
0
17232
1
17221
1
17210
0
17199
0
17188
0
17177
0
17166
1
17155
0
17144
0
17133
0
17122
1
17111
1
17100
1
17089
0
17078
0
17067
0
17056
0
17045
0
17034
4
17023
0
17012
0
17001
1
16990
0
16979
0
16968
0
16957
1
16946
0
16935
0
16924
0
16913
0
16902
0
16891
0
16880
0
16869
0
16858
0
16847
1
16836
0
16825
0
16814
0
16803
0
16792
0
16781
0
16770
0
16759
0
16748
1
16737
0
16726
1
16715
0
16704
0
16693
1
16682
3
16671
0
16660
0
16649
0
16638
0
16627
1
16616
0
16605
0
16594
1
16583
0
16572
0
16561
1
16550
2
16539
0
16528
0
16517
0
16506
0
16495
0
16484
0
16473
0
16462
1
16451
0
16440
0
16429
2
16418
0
16407
1
16396
0
16385
0
16374
1
16363
0
16352
0
16341
0
16330
0
16319
0
16308
0
16297
0
16286
2
16275
0
16264
1
16253
0
16242
0
16231
2
16220
0
16209
0
16198
0
16187
0
16176
1
16165
0
16154
0
16143
6
16132
0
16121
0
16110
0
16099
0
16088
0
16077
0
16066
0
16055
0
16044
0
16033
0
16022
0
16011
0
16000
0
15989
0
15978
0
15967
1
15956
0
15945
0
15934
0
15923
1
15912
0
15901
2
15890
0
15879
3
15868
0
15857
3
15846
1
15835
0
15824
0
15813
0
15802
1
15791
1
15780
1
15769
0
15758
0
15747
2
15736
0
15725
0
15714
1
15703
0
15692
0
15681
1
15670
0
15659
0
15648
0
15637
0
15626
1
15615
1
15604
0
15593
1
15582
0
15571
0
15560
0
15549
0
15538
0
15527
0
15516
0
15505
1
15494
2
15483
0
15472
0
15461
0
15450
1
15439
0
15428
0
15417
0
15406
1
15395
2
15384
0
15373
1
15362
0
15351
0
15340
0
15329
1
15318
1
15307
0
15296
1
15285
1
15274
0
15263
2
15252
0
15241
0
15230
0
15219
0
15208
0
15197
1
15186
0
15175
0
15164
1
15153
1
15142
1
15131
0
15120
0
15109
1
15098
0
15087
1
15076
0
15065
1
15054
0
15043
0
15032
0
15021
0
15010
0
14999
0
14988
0
14977
2
14966
0
14955
0
14944
0
14933
0
14922
0
14911
1
14900
0
14889
1
14878
0
14867
0
14856
0
14845
1
14834
0
14823
0
14812
0
14801
0
14790
0
14779
2
14768
0
14757
1
14746
0
14735
1
14724
0
14713
0
14702
0
14691
0
14680
0
14669
3
14658
0
14647
0
14636
0
14625
0
14614
0
14603
0
14592
0
14581
0
14570
0
14559
0
14548
0
14537
1
14526
0
14515
0
14504
0
14493
0
14482
0
14471
0
14460
0
14449
0
14438
0
14427
1
14416
0
14405
0
14394
0
14383
0
14372
0
14361
0
14350
0
14339
1
14328
0
14317
1
14306
0
14295
0
14284
1
14273
0
14262
1
14251
0
14240
3
14229
1
14218
1
14207
0
14196
0
14185
1
14174
1
14163
1
14152
0
14141
0
14130
0
14119
0
14108
0
14097
0
14086
1
14075
2
14064
1
14053
0
14042
0
14031
3
14020
0
14009
1
13998
0
13987
1
13976
0
13965
0
13954
0
13943
0
13932
1
13921
0
13910
0
13899
0
13888
0
13877
3
13866
0
13855
0
13844
0
13833
0
13822
0
13811
0
13800
0
13789
0
13778
0
13767
0
13756
0
13745
0
13734
0
13723
0
13712
1
13701
1
13690
1
13679
0
13668
0
13657
0
13646
0
13635
1
13624
1
13613
0
13602
0
13591
0
13580
0
13569
0
13558
0
13547
1
13536
0
13525
0
13514
0
13503
0
13492
1
13481
0
13470
0
13459
0
13448
1
13437
0
13426
0
13415
0
13404
0
13393
0
13382
0
13371
1
13360
0
13349
1
13338
0
13327
2
13316
2
13305
0
13294
0
13283
0
13272
0
13261
0
13250
1
13239
0
13228
1
13217
0
13206
2
13195
0
13184
0
13173
0
13162
0
13151
0
13140
1
13129
1
13118
1
13107
1
13096
0
13085
0
13074
0
13063
0
13052
0
13041
0
13030
1
13019
1
13008
0
12997
0
12986
0
12975
0
12964
0
12953
0
12942
0
12931
0
12920
0
12909
0
12898
0
12887
0
12876
1
12865
1
12854
3
12843
2
12832
1
12821
1
12810
1
12799
0
12788
0
12777
0
12766
2
12755
0
12744
0
12733
0
12722
0
12711
0
12700
0
12689
0
12678
0
12667
0
12656
0
12645
0
12634
1
12623
0
12612
0
12601
0
12590
1
12579
0
12568
0
12557
0
12546
0
12535
1
12524
0
12513
0
12502
1
12491
0
12480
0
12469
1
12458
0
12447
0
12436
0
12425
0
12414
0
12403
0
12392
0
12381
3
12370
0
12359
1
12348
1
12337
0
12326
0
12315
0
12304
1
12293
1
12282
0
12271
0
12260
0
12249
0
12238
0
12227
0
12216
1
12205
0
12194
0
12183
0
12172
0
12161
0
12150
0
12139
0
12128
1
12117
3
12106
0
12095
1
12084
0
12073
1
12062
0
12051
1
12040
2
12029
1
12018
1
12007
4
11996
0
11985
0
11974
3
11963
0
11952
1
11941
0
11930
3
11919
0
11908
0
11897
0
11886
1
11875
0
11864
2
11853
1
11842
1
11831
0
11820
1
11809
0
11798
1
11787
0
11776
2
11765
0
11754
0
11743
0
11732
0
11721
0
11710
1
11699
3
11688
0
11677
2
11666
0
11655
0
11644
1
11633
0
11622
2
11611
1
11600
2
11589
0
11578
0
11567
1
11556
0
11545
0
11534
3
11523
0
11512
0
11501
0
11490
0
11479
1
11468
1
11457
0
11446
0
11435
2
11424
0
11413
1
11402
1
11391
2
11380
0
11369
0
11358
0
11347
3
11336
0
11325
1
11314
0
11303
1
11292
0
11281
0
11270
1
11259
0
11248
1
11237
1
11226
1
11215
0
11204
0
11193
0
11182
0
11171
0
11160
0
11149
0
11138
0
11127
1
11116
0
11105
0
11094
0
11083
0
11072
0
11061
1
11050
1
11039
0
11028
0
11017
1
11006
1
10995
1
10984
0
10973
0
10962
0
10951
1
10940
0
10929
0
10918
0
10907
0
10896
0
10885
2
10874
1
10863
0
10852
0
10841
0
10830
0
10819
3
10808
2
10797
0
10786
0
10775
3
10764
1
10753
0
10742
1
10731
1
10720
0
10709
1
10698
0
10687
0
10676
0
10665
0
10654
0
10643
0
10632
3
10621
4
10610
0
10599
0
10588
1
10577
0
10566
0
10555
0
10544
0
10533
0
10522
0
10511
0
10500
0
10489
0
10478
0
10467
0
10456
0
10445
2
10434
0
10423
0
10412
0
10401
1
10390
0
10379
0
10368
0
10357
0
10346
0
10335
0
10324
0
10313
1
10302
0
10291
0
10280
1
10269
0
10258
0
10247
0
10236
0
10225
1
10214
0
10203
1
10192
1
10181
0
10170
0
10159
0
10148
0
10137
0
10126
0
10115
0
10104
0
10093
1
10082
2
10071
0
10060
0
10049
0
10038
1
10027
0
10016
1
10005
0
9994
1
9983
0
9972
0
9961
0
9950
1
9939
1
9928
0
9917
1
9906
0
9895
2
9884
1
9873
0
9862
0
9851
0
9840
1
9829
0
9818
0
9807
2
9796
0
9785
0
9774
1
9763
1
9752
0
9741
1
9730
1
9719
1
9708
0
9697
0
9686
0
9675
0
9664
0
9653
0
9642
0
9631
0
9620
0
9609
0
9598
0
9587
0
9576
2
9565
0
9554
1
9543
1
9532
2
9521
1
9510
2
9499
1
9488
1
9477
0
9466
0
9455
0
9444
0
9433
1
9422
1
9411
0
9400
0
9389
1
9378
0
9367
0
9356
0
9345
2
9334
1
9323
1
9312
0
9301
0
9290
0
9279
1
9268
0
9257
0
9246
1
9235
1
9224
0
9213
1
9202
0
9191
0
9180
1
9169
0
9158
0
9147
0
9136
0
9125
0
9114
0
9103
0
9092
1
9081
0
9070
0
9059
2
9048
0
9037
1
9026
0
9015
1
9004
2
8993
0
8982
0
8971
1
8960
0
8949
0
8938
0
8927
0
8916
0
8905
0
8894
0
8883
1
8872
2
8861
0
8850
0
8839
0
8828
2
8817
2
8806
2
8795
0
8784
0
8773
0
8762
0
8751
0
8740
0
8729
0
8718
0
8707
1
8696
0
8685
0
8674
1
8663
0
8652
1
8641
0
8630
3
8619
1
8608
0
8597
2
8586
0
8575
2
8564
0
8553
0
8542
0
8531
0
8520
2
8509
1
8498
0
8487
1
8476
0
8465
0
8454
0
8443
1
8432
1
8421
0
8410
0
8399
0
8388
0
8377
0
8366
0
8355
0
8344
0
8333
1
8322
0
8311
0
8300
1
8289
0
8278
0
8267
0
8256
0
8245
1
8234
0
8223
1
8212
0
8201
0
8190
0
8179
3
8168
0
8157
0
8146
1
8135
2
8124
0
8113
0
8102
2
8091
0
8080
1
8069
1
8058
0
8047
1
8036
0
8025
0
8014
0
8003
0
7992
0
7981
1
7970
0
7959
0
7948
0
7937
3
7926
0
7915
0
7904
0
7893
0
7882
2
7871
0
7860
1
7849
2
7838
0
7827
0
7816
0
7805
2
7794
0
7783
0
7772
1
7761
0
7750
1
7739
0
7728
1
7717
1
7706
0
7695
0
7684
0
7673
3
7662
0
7651
1
7640
0
7629
2
7618
1
7607
2
7596
0
7585
0
7574
0
7563
0
7552
0
7541
0
7530
1
7519
0
7508
1
7497
1
7486
0
7475
1
7464
1
7453
1
7442
3
7431
0
7420
2
7409
1
7398
1
7387
0
7376
0
7365
0
7354
0
7343
1
7332
1
7321
0
7310
0
7299
0
7288
1
7277
1
7266
0
7255
1
7244
0
7233
0
7222
0
7211
0
7200
0
7189
0
7178
0
7167
0
7156
0
7145
0
7134
1
7123
0
7112
2
7101
0
7090
0
7079
0
7068
0
7057
1
7046
0
7035
0
7024
0
7013
0
7002
0
6991
0
6980
0
6969
2
6958
0
6947
0
6936
1
6925
0
6914
2
6903
1
6892
2
6881
0
6870
0
6859
1
6848
4
6837
0
6826
1
6815
0
6804
5
6793
0
6782
0
6771
0
6760
2
6749
0
6738
1
6727
0
6716
1
6705
1
6694
0
6683
0
6672
2
6661
0
6650
0
6639
0
6628
0
6617
1
6606
1
6595
0
6584
2
6573
0
6562
0
6551
0
6540
0
6529
0
6518
0
6507
1
6496
0
6485
0
6474
3
6463
1
6452
0
6441
0
6430
0
6419
0
6408
2
6397
1
6386
1
6375
0
6364
0
6353
0
6342
0
6331
0
6320
1
6309
0
6298
0
6287
0
6276
0
6265
1
6254
0
6243
0
6232
0
6221
1
6210
0
6199
3
6188
0
6177
1
6166
0
6155
0
6144
0
6133
1
6122
0
6111
0
6100
2
6089
0
6078
0
6067
1
6056
0
6045
0
6034
0
6023
0
6012
0
6001
0
5990
0
5979
0
5968
2
5957
0
5946
0
5935
0
5924
0
5913
2
5902
0
5891
2
5880
2
5869
0
5858
0
5847
2
5836
0
5825
0
5814
2
5803
1
5792
0
5781
0
5770
0
5759
0
5748
1
5737
0
5726
1
5715
1
5704
0
5693
0
5682
0
5671
0
5660
3
5649
0
5638
0
5627
0
5616
0
5605
1
5594
0
5583
0
5572
4
5561
0
5550
1
5539
1
5528
1
5517
0
5506
2
5495
0
5484
0
5473
1
5462
0
5451
1
5440
0
5429
0
5418
0
5407
0
5396
0
5385
0
5374
1
5363
0
5352
0
5341
0
5330
0
5319
1
5308
0
5297
2
5286
0
5275
0
5264
0
5253
2
5242
0
5231
0
5220
0
5209
0
5198
0
5187
1
5176
0
5165
0
5154
0
5143
0
5132
2
5121
0
5110
0
5099
0
5088
2
5077
0
5066
0
5055
0
5044
1
5033
2
5022
0
5011
0
5000
0
4989
0
4978
0
4967
0
4956
1
4945
4
4934
0
4923
1
4912
0
4901
1
4890
0
4879
0
4868
0
4857
0
4846
4
4835
0
4824
1
4813
4
4802
1
4791
2
4780
0
4769
0
4758
0
4747
0
4736
1
4725
1
4714
0
4703
0
4692
0
4681
1
4670
0
4659
1
4648
0
4637
0
4626
1
4615
1
4604
0
4593
0
4582
2
4571
0
4560
0
4549
0
4538
0
4527
0
4516
1
4505
3
4494
0
4483
0
4472
0
4461
1
4450
0
4439
0
4428
0
4417
0
4406
0
4395
1
4384
1
4373
0
4362
0
4351
0
4340
0
4329
0
4318
0
4307
0
4296
1
4285
1
4274
0
4263
0
4252
2
4241
0
4230
0
4219
0
4208
0
4197
0
4186
1
4175
0
4164
0
4153
0
4142
3
4131
0
4120
1
4109
0
4098
0
4087
0
4076
0
4065
2
4054
1
4043
0
4032
0
4021
1
4010
0
3999
1
3988
0
3977
0
3966
0
3955
0
3944
0
3933
1
3922
0
3911
0
3900
0
3889
0
3878
1
3867
1
3856
1
3845
0
3834
0
3823
1
3812
0
3801
3
3790
3
3779
0
3768
0
3757
1
3746
0
3735
0
3724
0
3713
1
3702
0
3691
0
3680
0
3669
0
3658
5
3647
1
3636
0
3625
0
3614
2
3603
0
3592
0
3581
0
3570
0
3559
0
3548
1
3537
0
3526
0
3515
0
3504
2
3493
0
3482
0
3471
0
3460
0
3449
1
3438
0
3427
0
3416
0
3405
1
3394
0
3383
0
3372
0
3361
1
3350
1
3339
1
3328
0
3317
0
3306
0
3295
0
3284
1
3273
1
3262
0
3251
3
3240
1
3229
1
3218
0
3207
0
3196
0
3185
0
3174
0
3163
0
3152
2
3141
0
3130
0
3119
0
3108
0
3097
1
3086
1
3075
0
3064
0
3053
1
3042
1
3031
0
3020
0
3009
3
2998
0
2987
1
2976
0
2965
1
2954
1
2943
0
2932
0
2921
3
2910
0
2899
0
2888
2
2877
0
2866
0
2855
1
2844
0
2833
3
2822
0
2811
0
2800
0
2789
1
2778
1
2767
0
2756
1
2745
2
2734
0
2723
0
2712
2
2701
0
2690
0
2679
2
2668
0
2657
1
2646
1
2635
3
2624
0
2613
1
2602
0
2591
0
2580
0
2569
1
2558
1
2547
0
2536
0
2525
0
2514
0
2503
0
2492
1
2481
2
2470
0
2459
1
2448
0
2437
2
2426
0
2415
2
2404
0
2393
2
2382
1
2371
1
2360
0
2349
0
2338
0
2327
0
2316
0
2305
0
2294
1
2283
0
2272
0
2261
0
2250
0
2239
0
2228
0
2217
1
2206
0
2195
0
2184
1
2173
1
2162
0
2151
0
2140
0
2129
0
2118
0
2107
8
2096
0
2085
4
2074
0
2063
4
2052
0
2041
0
2030
0
2019
0
2008
0
1997
1
1986
0
1975
0
1964
0
1953
1
1942
0
1931
0
1920
0
1909
0
1898
1
1887
2
1876
0
1865
0
1854
0
1843
2
1832
0
1821
0
1810
3
1799
0
1788
2
1777
0
1766
0
1755
0
1744
0
1733
0
1722
1
1711
0
1700
0
1689
1
1678
0
1667
2
1656
0
1645
0
1634
0
1623
0
1612
0
1601
0
1590
0
1579
0
1568
3
1557
0
1546
0
1535
0
1524
0
1513
0
1502
1
1491
0
1480
1
1469
0
1458
2
1447
0
1436
3
1425
0
1414
0
1403
0
1392
0
1381
1
1370
0
1359
0
1348
0
1337
1
1326
0
1315
0
1304
2
1293
0
1282
0
1271
1
1260
0
1249
0
1238
0
1227
0
1216
0
1205
0
1194
0
1183
0
1172
0
1161
0
1150
0
1139
2
1128
0
1117
1
1106
1
1095
0
1084
0
1073
0
1062
2
1051
0
1040
0
1029
0
1018
0
1007
0
996
0
985
1
974
0
963
0
952
0
941
0
930
0
919
1
908
0
897
1
886
0
875
1
864
0
853
0
842
1
831
0
820
1
809
1
798
2
787
0
776
0
765
2
754
2
743
0
732
0
721
0
710
1
699
4
688
0
677
0
666
0
655
0
644
1
633
1
622
0
611
0
600
0
589
0
578
2
567
0
556
0
545
0
534
0
523
0
512
0
501
0
490
1
479
0
468
0
457
0
446
0
435
0
424
0
413
1
402
0
391
0
380
0
369
0
358
3
347
0
336
0
325
1
314
0
303
1
292
0
281
0
270
0
259
0
248
0
237
2
226
0
215
0
204
0
193
0
182
0
171
1
160
1
149
1
138
0
127
0
116
1
105
0
94
0
83
1
72
0
61
0
50
1
39
4
28
0
17
1
6
2
0
49995
2
49984
0
49973
2
49962
0
49951
1
49940
0
49929
0
49918
1
49907
3
49896
0
49885
0
49874
0
49863
1
49852
1
49841
1
49830
2
49819
1
49808
0
49797
0
49786
1
49775
0
49764
0
49753
0
49742
1
49731
0
49720
0
49709
0
49698
1
49687
2
49676
2
49665
2
49654
1
49643
5
49632
1
49621
0
49610
0
49599
0
49588
1
49577
2
49566
2
49555
0
49544
1
49533
0
49522
0
49511
1
49500
5
49489
3
49478
0
49467
0
49456
0
49445
2
49434
2
49423
1
49412
0
49401
0
49390
0
49379
0
49368
0
49357
2
49346
0
49335
1
49324
3
49313
0
49302
2
49291
0
49280
0
49269
0
49258
0
49247
0
49236
0
49225
0
49214
0
49203
1
49192
0
49181
0
49170
0
49159
1
49148
2
49137
1
49126
2
49115
0
49104
3
49093
2
49082
0
49071
0
49060
1
49049
1
49038
0
49027
0
49016
0
49005
0
48994
1
48983
3
48972
0
48961
0
48950
0
48939
0
48928
0
48917
0
48906
0
48895
0
48884
0
48873
0
48862
0
48851
1
48840
0
48829
1
48818
0
48807
0
48796
0
48785
0
48774
0
48763
0
48752
1
48741
0
48730
1
48719
1
48708
1
48697
1
48686
0
48675
0
48664
0
48653
1
48642
0
48631
0
48620
0
48609
1
48598
0
48587
0
48576
0
48565
0
48554
0
48543
0
48532
0
48521
0
48510
0
48499
1
48488
2
48477
0
48466
3
48455
1
48444
2
48433
0
48422
1
48411
1
48400
1
48389
0
48378
0
48367
0
48356
3
48345
1
48334
0
48323
0
48312
0
48301
4
48290
0
48279
1
48268
1
48257
0
48246
0
48235
0
48224
0
48213
0
48202
0
48191
0
48180
0
48169
0
48158
1
48147
2
48136
0
48125
0
48114
0
48103
0
48092
0
48081
1
48070
0
48059
0
48048
2
48037
0
48026
0
48015
1
48004
0
47993
2
47982
3
47971
0
47960
0
47949
0
47938
1
47927
0
47916
0
47905
3
47894
0
47883
0
47872
0
47861
0
47850
1
47839
0
47828
0
47817
0
47806
0
47795
0
47784
0
47773
1
47762
1
47751
0
47740
0
47729
0
47718
1
47707
0
47696
0
47685
0
47674
0
47663
0
47652
0
47641
0
47630
2
47619
1
47608
1
47597
2
47586
0
47575
1
47564
2
47553
1
47542
0
47531
0
47520
4
47509
0
47498
3
47487
0
47476
0
47465
0
47454
0
47443
1
47432
1
47421
0
47410
3
47399
0
47388
1
47377
0
47366
0
47355
1
47344
0
47333
1
47322
0
47311
0
47300
3
47289
2
47278
1
47267
0
47256
1
47245
2
47234
0
47223
2
47212
0
47201
0
47190
0
47179
1
47168
0
47157
1
47146
1
47135
0
47124
1
47113
0
47102
2
47091
0
47080
0
47069
0
47058
0
47047
0
47036
0
47025
2
47014
1
47003
0
46992
0
46981
1
46970
1
46959
0
46948
0
46937
0
46926
0
46915
0
46904
1
46893
0
46882
0
46871
1
46860
0
46849
1
46838
0
46827
3
46816
0
46805
0
46794
0
46783
0
46772
0
46761
1
46750
1
46739
0
46728
0
46717
0
46706
0
46695
0
46684
0
46673
1
46662
1
46651
1
46640
0
46629
1
46618
0
46607
0
46596
2
46585
1
46574
0
46563
0
46552
0
46541
1
46530
0
46519
0
46508
1
46497
1
46486
3
46475
0
46464
0
46453
0
46442
0
46431
1
46420
3
46409
0
46398
0
46387
0
46376
0
46365
0
46354
0
46343
0
46332
1
46321
1
46310
1
46299
0
46288
0
46277
0
46266
0
46255
0
46244
1
46233
1
46222
0
46211
0
46200
0
46189
1
46178
0
46167
3
46156
0
46145
0
46134
0
46123
0
46112
0
46101
0
46090
0
46079
1
46068
1
46057
4
46046
2
46035
0
46024
0
46013
2
46002
0
45991
0
45980
1
45969
0
45958
0
45947
0
45936
1
45925
1
45914
0
45903
2
45892
1
45881
1
45870
0
45859
1
45848
1
45837
0
45826
0
45815
0
45804
0
45793
0
45782
1
45771
1
45760
0
45749
1
45738
0
45727
0
45716
1
45705
2
45694
1
45683
0
45672
2
45661
0
45650
1
45639
0
45628
1
45617
0
45606
0
45595
0
45584
0
45573
0
45562
2
45551
1
45540
1
45529
0
45518
0
45507
1
45496
0
45485
0
45474
1
45463
0
45452
4
45441
1
45430
0
45419
2
45408
0
45397
0
45386
0
45375
2
45364
0
45353
0
45342
0
45331
0
45320
1
45309
0
45298
1
45287
2
45276
0
45265
0
45254
1
45243
0
45232
0
45221
1
45210
0
45199
0
45188
0
45177
0
45166
0
45155
1
45144
2
45133
2
45122
1
45111
0
45100
1
45089
0
45078
1
45067
0
45056
0
45045
0
45034
0
45023
0
45012
0
45001
0
44990
0
44979
0
44968
0
44957
0
44946
0
44935
1
44924
3
44913
0
44902
0
44891
4
44880
0
44869
0
44858
0
44847
0
44836
0
44825
0
44814
0
44803
0
44792
0
44781
0
44770
0
44759
0
44748
0
44737
0
44726
0
44715
1
44704
1
44693
0
44682
0
44671
1
44660
0
44649
0
44638
0
44627
0
44616
0
44605
0
44594
0
44583
0
44572
1
44561
0
44550
0
44539
0
44528
1
44517
0
44506
1
44495
0
44484
0
44473
0
44462
0
44451
0
44440
1
44429
0
44418
0
44407
1
44396
0
44385
1
44374
2
44363
2
44352
0
44341
0
44330
1
44319
0
44308
1
44297
0
44286
0
44275
1
44264
0
44253
1
44242
1
44231
0
44220
0
44209
0
44198
0
44187
0
44176
0
44165
0
44154
0
44143
0
44132
0
44121
1
44110
0
44099
2
44088
0
44077
0
44066
0
44055
0
44044
0
44033
2
44022
0
44011
1
44000
1
43989
0
43978
3
43967
0
43956
0
43945
1
43934
0
43923
1
43912
0
43901
0
43890
0
43879
0
43868
0
43857
0
43846
0
43835
0
43824
0
43813
0
43802
1
43791
2
43780
2
43769
2
43758
2
43747
0
43736
1
43725
0
43714
0
43703
0
43692
1
43681
0
43670
0
43659
1
43648
0
43637
0
43626
1
43615
0
43604
0
43593
0
43582
0
43571
0
43560
1
43549
0
43538
0
43527
1
43516
0
43505
0
43494
0
43483
0
43472
0
43461
0
43450
0
43439
0
43428
0
43417
0
43406
0
43395
2
43384
0
43373
0
43362
0
43351
3
43340
2
43329
0
43318
0
43307
0
43296
2
43285
1
43274
1
43263
1
43252
0
43241
0
43230
0
43219
1
43208
0
43197
0
43186
2
43175
0
43164
2
43153
0
43142
2
43131
0
43120
0
43109
0
43098
0
43087
1
43076
0
43065
0
43054
0
43043
0
43032
1
43021
1
43010
0
42999
1
42988
0
42977
0
42966
0
42955
4
42944
0
42933
1
42922
1
42911
0
42900
0
42889
2
42878
0
42867
0
42856
0
42845
0
42834
0
42823
0
42812
2
42801
1
42790
0
42779
1
42768
0
42757
1
42746
0
42735
3
42724
0
42713
1
42702
0
42691
2
42680
0
42669
0
42658
0
42647
0
42636
1
42625
0
42614
0
42603
1
42592
2
42581
0
42570
2
42559
0
42548
1
42537
0
42526
0
42515
0
42504
0
42493
0
42482
0
42471
0
42460
0
42449
0
42438
2
42427
3
42416
1
42405
0
42394
0
42383
2
42372
0
42361
2
42350
1
42339
1
42328
0
42317
0
42306
5
42295
0
42284
0
42273
0
42262
0
42251
0
42240
0
42229
0
42218
0
42207
0
42196
0
42185
1
42174
0
42163
1
42152
0
42141
1
42130
0
42119
0
42108
0
42097
0
42086
0
42075
0
42064
0
42053
1
42042
0
42031
0
42020
2
42009
0
41998
0
41987
0
41976
0
41965
0
41954
0
41943
0
41932
0
41921
0
41910
0
41899
0
41888
3
41877
3
41866
1
41855
0
41844
1
41833
0
41822
0
41811
0
41800
0
41789
0
41778
0
41767
2
41756
0
41745
1
41734
0
41723
0
41712
2
41701
1
41690
0
41679
0
41668
0
41657
0
41646
0
41635
0
41624
0
41613
0
41602
2
41591
0
41580
0
41569
1
41558
0
41547
0
41536
1
41525
2
41514
1
41503
0
41492
0
41481
1
41470
1
41459
2
41448
0
41437
0
41426
0
41415
1
41404
0
41393
2
41382
2
41371
0
41360
0
41349
0
41338
1
41327
1
41316
1
41305
0
41294
1
41283
1
41272
0
41261
0
41250
0
41239
2
41228
0
41217
0
41206
1
41195
1
41184
1
41173
0
41162
1
41151
0
41140
2
41129
0
41118
1
41107
0
41096
0
41085
0
41074
0
41063
0
41052
2
41041
0
41030
0
41019
1
41008
2
40997
0
40986
0
40975
0
40964
1
40953
0
40942
1
40931
0
40920
0
40909
2
40898
5
40887
0
40876
0
40865
1
40854
0
40843
0
40832
0
40821
0
40810
0
40799
0
40788
0
40777
1
40766
1
40755
1
40744
0
40733
1
40722
0
40711
0
40700
0
40689
1
40678
0
40667
0
40656
0
40645
1
40634
0
40623
1
40612
1
40601
1
40590
1
40579
0
40568
0
40557
0
40546
0
40535
0
40524
0
40513
0
40502
1
40491
0
40480
2
40469
0
40458
0
40447
2
40436
0
40425
0
40414
0
40403
1
40392
1
40381
0
40370
0
40359
0
40348
2
40337
0
40326
1
40315
0
40304
0
40293
1
40282
0
40271
2
40260
1
40249
0
40238
1
40227
1
40216
0
40205
0
40194
0
40183
0
40172
0
40161
2
40150
2
40139
4
40128
1
40117
2
40106
0
40095
0
40084
0
40073
0
40062
1
40051
0
40040
1
40029
1
40018
1
40007
0
39996
2
39985
0
39974
1
39963
1
39952
1
39941
0
39930
0
39919
0
39908
2
39897
0
39886
0
39875
0
39864
2
39853
0
39842
3
39831
0
39820
0
39809
1
39798
0
39787
0
39776
0
39765
0
39754
0
39743
1
39732
0
39721
0
39710
0
39699
1
39688
0
39677
0
39666
0
39655
0
39644
0
39633
1
39622
0
39611
0
39600
1
39589
3
39578
3
39567
1
39556
0
39545
0
39534
0
39523
0
39512
0
39501
0
39490
0
39479
0
39468
0
39457
0
39446
2
39435
0
39424
0
39413
0
39402
3
39391
0
39380
1
39369
0
39358
1
39347
0
39336
0
39325
1
39314
0
39303
0
39292
3
39281
0
39270
0
39259
0
39248
0
39237
0
39226
0
39215
0
39204
0
39193
0
39182
0
39171
0
39160
0
39149
1
39138
0
39127
0
39116
2
39105
1
39094
0
39083
0
39072
0
39061
0
39050
0
39039
0
39028
0
39017
0
39006
1
38995
2
38984
0
38973
0
38962
1
38951
0
38940
0
38929
0
38918
1
38907
0
38896
1
38885
2
38874
0
38863
0
38852
1
38841
0
38830
0
38819
0
38808
0
38797
0
38786
0
38775
0
38764
0
38753
0
38742
0
38731
0
38720
0
38709
0
38698
0
38687
0
38676
0
38665
1
38654
0
38643
0
38632
0
38621
0
38610
0
38599
2
38588
0
38577
1
38566
0
38555
1
38544
1
38533
0
38522
0
38511
1
38500
0
38489
0
38478
0
38467
1
38456
2
38445
1
38434
0
38423
0
38412
0
38401
0
38390
4
38379
0
38368
2
38357
0
38346
0
38335
2
38324
0
38313
2
38302
0
38291
0
38280
0
38269
0
38258
0
38247
1
38236
0
38225
1
38214
1
38203
0
38192
0
38181
0
38170
0
38159
0
38148
0
38137
0
38126
0
38115
0
38104
2
38093
0
38082
0
38071
0
38060
1
38049
0
38038
1
38027
0
38016
0
38005
1
37994
1
37983
0
37972
1
37961
0
37950
0
37939
1
37928
0
37917
1
37906
0
37895
0
37884
0
37873
1
37862
0
37851
0
37840
1
37829
0
37818
0
37807
0
37796
0
37785
0
37774
0
37763
1
37752
0
37741
0
37730
0
37719
0
37708
0
37697
3
37686
1
37675
0
37664
0
37653
1
37642
3
37631
0
37620
0
37609
1
37598
0
37587
1
37576
0
37565
0
37554
0
37543
0
37532
0
37521
0
37510
0
37499
0
37488
0
37477
0
37466
0
37455
0
37444
0
37433
0
37422
2
37411
0
37400
0
37389
0
37378
0
37367
0
37356
1
37345
1
37334
1
37323
0
37312
1
37301
0
37290
2
37279
0
37268
1
37257
0
37246
0
37235
1
37224
0
37213
1
37202
0
37191
0
37180
0
37169
0
37158
0
37147
0
37136
1
37125
1
37114
1
37103
1
37092
2
37081
0
37070
2
37059
0
37048
1
37037
0
37026
0
37015
0
37004
0
36993
0
36982
0
36971
1
36960
1
36949
0
36938
1
36927
0
36916
2
36905
0
36894
0
36883
0
36872
0
36861
0
36850
0
36839
0
36828
0
36817
0
36806
0
36795
0
36784
0
36773
0
36762
1
36751
1
36740
0
36729
0
36718
0
36707
0
36696
0
36685
0
36674
1
36663
2
36652
1
36641
0
36630
1
36619
0
36608
0
36597
0
36586
0
36575
0
36564
0
36553
0
36542
5
36531
0
36520
0
36509
0
36498
0
36487
0
36476
0
36465
0
36454
0
36443
1
36432
0
36421
0
36410
0
36399
0
36388
1
36377
0
36366
0
36355
3
36344
0
36333
1
36322
0
36311
0
36300
0
36289
0
36278
0
36267
1
36256
0
36245
0
36234
0
36223
1
36212
0
36201
0
36190
0
36179
0
36168
0
36157
0
36146
0
36135
0
36124
0
36113
0
36102
3
36091
0
36080
2
36069
2
36058
0
36047
0
36036
1
36025
0
36014
0
36003
2
35992
0
35981
0
35970
2
35959
0
35948
0
35937
0
35926
0
35915
2
35904
1
35893
0
35882
0
35871
3
35860
2
35849
1
35838
0
35827
2
35816
1
35805
0
35794
1
35783
3
35772
0
35761
1
35750
0
35739
1
35728
0
35717
0
35706
0
35695
0
35684
0
35673
0
35662
0
35651
0
35640
0
35629
0
35618
0
35607
0
35596
0
35585
0
35574
1
35563
0
35552
1
35541
1
35530
0
35519
2
35508
1
35497
1
35486
3
35475
0
35464
0
35453
0
35442
0
35431
0
35420
0
35409
0
35398
0
35387
1
35376
0
35365
1
35354
3
35343
0
35332
0
35321
0
35310
0
35299
2
35288
4
35277
0
35266
0
35255
0
35244
1
35233
1
35222
0
35211
0
35200
0
35189
1
35178
0
35167
0
35156
0
35145
1
35134
2
35123
0
35112
0
35101
1
35090
1
35079
1
35068
1
35057
0
35046
0
35035
2
35024
0
35013
0
35002
0
34991
0
34980
4
34969
0
34958
2
34947
0
34936
0
34925
3
34914
1
34903
2
34892
0
34881
0
34870
0
34859
3
34848
0
34837
0
34826
1
34815
1
34804
1
34793
0
34782
1
34771
3
34760
0
34749
0
34738
0
34727
0
34716
1
34705
4
34694
1
34683
0
34672
0
34661
0
34650
0
34639
0
34628
0
34617
0
34606
0
34595
1
34584
0
34573
0
34562
1
34551
0
34540
1
34529
1
34518
3
34507
0
34496
0
34485
0
34474
0
34463
0
34452
0
34441
1
34430
3
34419
1
34408
0
34397
0
34386
0
34375
0
34364
0
34353
2
34342
0
34331
0
34320
0
34309
0
34298
4
34287
0
34276
0
34265
1
34254
0
34243
0
34232
1
34221
0
34210
3
34199
0
34188
0
34177
1
34166
1
34155
2
34144
0
34133
1
34122
0
34111
0
34100
0
34089
0
34078
2
34067
1
34056
2
34045
0
34034
0
34023
0
34012
0
34001
2
33990
0
33979
1
33968
3
33957
0
33946
2
33935
1
33924
2
33913
0
33902
1
33891
0
33880
0
33869
0
33858
0
33847
0
33836
0
33825
0
33814
0
33803
0
33792
0
33781
0
33770
0
33759
0
33748
0
33737
0
33726
1
33715
0
33704
1
33693
0
33682
1
33671
0
33660
0
33649
0
33638
0
33627
0
33616
0
33605
0
33594
0
33583
1
33572
1
33561
1
33550
0
33539
0
33528
2
33517
0
33506
0
33495
3
33484
0
33473
2
33462
0
33451
0
33440
1
33429
0
33418
0
33407
0
33396
0
33385
0
33374
0
33363
0
33352
0
33341
0
33330
0
33319
0
33308
0
33297
1
33286
0
33275
1
33264
0
33253
0
33242
0
33231
1
33220
0
33209
0
33198
0
33187
0
33176
0
33165
0
33154
0
33143
0
33132
0
33121
1
33110
0
33099
0
33088
0
33077
0
33066
0
33055
1
33044
0
33033
0
33022
0
33011
0
33000
0
32989
1
32978
2
32967
1
32956
0
32945
3
32934
0
32923
0
32912
0
32901
0
32890
3
32879
0
32868
2
32857
0
32846
0
32835
1
32824
0
32813
0
32802
0
32791
0
32780
0
32769
1
32758
1
32747
0
32736
1
32725
0
32714
1
32703
0
32692
0
32681
0
32670
0
32659
2
32648
2
32637
0
32626
0
32615
1
32604
0
32593
2
32582
0
32571
0
32560
1
32549
2
32538
0
32527
0
32516
1
32505
0
32494
0
32483
4
32472
1
32461
0
32450
1
32439
1
32428
1
32417
0
32406
0
32395
0
32384
0
32373
0
32362
0
32351
0
32340
1
32329
1
32318
7
32307
0
32296
2
32285
0
32274
0
32263
2
32252
1
32241
0
32230
0
32219
0
32208
3
32197
0
32186
0
32175
0
32164
0
32153
0
32142
0
32131
0
32120
0
32109
0
32098
0
32087
0
32076
0
32065
0
32054
2
32043
0
32032
1
32021
1
32010
0
31999
0
31988
0
31977
1
31966
1
31955
1
31944
0
31933
1
31922
1
31911
0
31900
0
31889
1
31878
0
31867
0
31856
0
31845
1
31834
1
31823
3
31812
2
31801
0
31790
0
31779
1
31768
0
31757
0
31746
0
31735
0
31724
1
31713
1
31702
1
31691
0
31680
1
31669
1
31658
0
31647
1
31636
0
31625
0
31614
0
31603
0
31592
0
31581
0
31570
1
31559
0
31548
1
31537
1
31526
0
31515
2
31504
0
31493
1
31482
1
31471
0
31460
2
31449
0
31438
1
31427
0
31416
0
31405
2
31394
0
31383
0
31372
0
31361
0
31350
2
31339
0
31328
0
31317
0
31306
1
31295
1
31284
0
31273
1
31262
0
31251
0
31240
1
31229
0
31218
0
31207
6
31196
0
31185
0
31174
0
31163
2
31152
0
31141
1
31130
2
31119
0
31108
0
31097
0
31086
0
31075
0
31064
3
31053
0
31042
1
31031
1
31020
0
31009
0
30998
1
30987
0
30976
0
30965
0
30954
0
30943
1
30932
0
30921
1
30910
1
30899
0
30888
0
30877
0
30866
1
30855
0
30844
1
30833
0
30822
0
30811
0
30800
0
30789
0
30778
0
30767
1
30756
0
30745
2
30734
0
30723
0
30712
0
30701
0
30690
1
30679
1
30668
0
30657
0
30646
1
30635
0
30624
1
30613
0
30602
0
30591
0
30580
2
30569
1
30558
0
30547
0
30536
1
30525
2
30514
3
30503
0
30492
0
30481
0
30470
1
30459
0
30448
1
30437
0
30426
0
30415
0
30404
0
30393
3
30382
0
30371
0
30360
1
30349
0
30338
0
30327
0
30316
0
30305
0
30294
3
30283
1
30272
0
30261
0
30250
0
30239
0
30228
2
30217
0
30206
0
30195
0
30184
0
30173
0
30162
3
30151
0
30140
2
30129
0
30118
0
30107
2
30096
1
30085
0
30074
0
30063
0
30052
0
30041
1
30030
0
30019
0
30008
0
29997
0
29986
1
29975
0
29964
1
29953
0
29942
1
29931
0
29920
1
29909
0
29898
0
29887
0
29876
0
29865
0
29854
0
29843
0
29832
0
29821
0
29810
1
29799
0
29788
0
29777
0
29766
1
29755
1
29744
2
29733
0
29722
0
29711
0
29700
0
29689
0
29678
1
29667
0
29656
1
29645
0
29634
0
29623
0
29612
0
29601
0
29590
3
29579
0
29568
0
29557
0
29546
0
29535
2
29524
0
29513
0
29502
0
29491
0
29480
0
29469
1
29458
0
29447
2
29436
3
29425
0
29414
0
29403
0
29392
0
29381
0
29370
0
29359
0
29348
1
29337
0
29326
0
29315
0
29304
0
29293
0
29282
0
29271
0
29260
0
29249
0
29238
0
29227
2
29216
1
29205
3
29194
0
29183
0
29172
1
29161
0
29150
0
29139
2
29128
0
29117
0
29106
0
29095
0
29084
1
29073
0
29062
0
29051
0
29040
0
29029
0
29018
0
29007
0
28996
3
28985
0
28974
0
28963
0
28952
0
28941
1
28930
0
28919
1
28908
1
28897
1
28886
0
28875
0
28864
0
28853
0
28842
1
28831
0
28820
1
28809
0
28798
0
28787
0
28776
1
28765
0
28754
0
28743
0
28732
0
28721
1
28710
0
28699
2
28688
1
28677
2
28666
1
28655
1
28644
0
28633
0
28622
0
28611
0
28600
2
28589
1
28578
0
28567
0
28556
0
28545
0
28534
1
28523
0
28512
2
28501
1
28490
0
28479
0
28468
1
28457
0
28446
0
28435
0
28424
0
28413
2
28402
0
28391
0
28380
1
28369
0
28358
0
28347
1
28336
1
28325
2
28314
0
28303
4
28292
0
28281
0
28270
0
28259
0
28248
0
28237
1
28226
0
28215
0
28204
0
28193
1
28182
0
28171
4
28160
1
28149
0
28138
0
28127
1
28116
1
28105
1
28094
0
28083
0
28072
0
28061
0
28050
0
28039
0
28028
0
28017
0
28006
1
27995
0
27984
0
27973
0
27962
1
27951
0
27940
0
27929
0
27918
0
27907
0
27896
1
27885
0
27874
0
27863
1
27852
0
27841
1
27830
0
27819
1
27808
2
27797
1
27786
0
27775
0
27764
3
27753
3
27742
0
27731
0
27720
3
27709
0
27698
1
27687
0
27676
0
27665
1
27654
2
27643
0
27632
0
27621
1
27610
0
27599
0
27588
0
27577
0
27566
0
27555
0
27544
3
27533
0
27522
0
27511
0
27500
1
27489
1
27478
0
27467
0
27456
2
27445
0
27434
1
27423
1
27412
0
27401
1
27390
0
27379
1
27368
2
27357
0
27346
0
27335
0
27324
0
27313
0
27302
0
27291
0
27280
1
27269
1
27258
1
27247
1
27236
0
27225
0
27214
2
27203
3
27192
0
27181
1
27170
1
27159
1
27148
1
27137
0
27126
0
27115
0
27104
2
27093
0
27082
0
27071
0
27060
0
27049
0
27038
0
27027
1
27016
0
27005
0
26994
0
26983
0
26972
0
26961
1
26950
1
26939
1
26928
0
26917
0
26906
0
26895
0
26884
0
26873
2
26862
0
26851
2
26840
0
26829
0
26818
0
26807
0
26796
0
26785
0
26774
0
26763
1
26752
1
26741
0
26730
1
26719
0
26708
0
26697
1
26686
0
26675
0
26664
1
26653
0
26642
0
26631
1
26620
1
26609
0
26598
0
26587
1
26576
0
26565
0
26554
1
26543
0
26532
3
26521
1
26510
0
26499
0
26488
3
26477
0
26466
0
26455
0
26444
0
26433
0
26422
0
26411
0
26400
0
26389
1
26378
0
26367
2
26356
0
26345
0
26334
1
26323
0
26312
0
26301
1
26290
0
26279
1
26268
0
26257
1
26246
1
26235
0
26224
1
26213
1
26202
0
26191
1
26180
1
26169
1
26158
0
26147
0
26136
1
26125
0
26114
0
26103
1
26092
1
26081
0
26070
0
26059
0
26048
2
26037
1
26026
1
26015
0
26004
0
25993
0
25982
1
25971
0
25960
0
25949
0
25938
0
25927
1
25916
0
25905
1
25894
1
25883
1
25872
0
25861
0
25850
0
25839
0
25828
2
25817
1
25806
1
25795
0
25784
0
25773
5
25762
1
25751
0
25740
0
25729
1
25718
0
25707
0
25696
0
25685
0
25674
1
25663
0
25652
0
25641
1
25630
0
25619
1
25608
1
25597
1
25586
0
25575
6
25564
0
25553
0
25542
1
25531
1
25520
0
25509
1
25498
0
25487
0
25476
0
25465
0
25454
0
25443
0
25432
0
25421
0
25410
0
25399
0
25388
0
25377
1
25366
0
25355
0
25344
0
25333
0
25322
0
25311
1
25300
0
25289
2
25278
0
25267
0
25256
1
25245
0
25234
1
25223
0
25212
0
25201
0
25190
0
25179
0
25168
0
25157
0
25146
0
25135
0
25124
0
25113
0
25102
0
25091
1
25080
0
25069
1
25058
3
25047
0
25036
0
25025
1
25014
1
25003
0
24992
0
24981
0
24970
0
24959
0
24948
0
24937
0
24926
0
24915
0
24904
0
24893
2
24882
0
24871
0
24860
1
24849
0
24838
0
24827
1
24816
0
24805
0
24794
1
24783
1
24772
0
24761
1
24750
1
24739
0
24728
0
24717
1
24706
1
24695
0
24684
1
24673
0
24662
0
24651
0
24640
1
24629
1
24618
2
24607
0
24596
1
24585
0
24574
0
24563
0
24552
0
24541
1
24530
0
24519
0
24508
0
24497
0
24486
1
24475
0
24464
3
24453
0
24442
1
24431
0
24420
0
24409
0
24398
0
24387
0
24376
0
24365
1
24354
0
24343
1
24332
0
24321
0
24310
0
24299
0
24288
0
24277
1
24266
0
24255
1
24244
0
24233
0
24222
0
24211
0
24200
0
24189
0
24178
1
24167
2
24156
1
24145
0
24134
1
24123
0
24112
0
24101
0
24090
0
24079
0
24068
0
24057
0
24046
0
24035
0
24024
0
24013
0
24002
0
23991
0
23980
0
23969
0
23958
1
23947
1
23936
0
23925
0
23914
2
23903
0
23892
0
23881
0
23870
1
23859
1
23848
0
23837
0
23826
1
23815
0
23804
0
23793
0
23782
0
23771
0
23760
1
23749
0
23738
1
23727
1
23716
0
23705
0
23694
1
23683
0
23672
0
23661
0
23650
0
23639
0
23628
0
23617
0
23606
0
23595
3
23584
0
23573
0
23562
0
23551
1
23540
1
23529
0
23518
1
23507
0
23496
0
23485
1
23474
2
23463
1
23452
1
23441
1
23430
0
23419
1
23408
0
23397
0
23386
0
23375
0
23364
0
23353
0
23342
2
23331
0
23320
0
23309
1
23298
2
23287
0
23276
2
23265
0
23254
0
23243
0
23232
1
23221
0
23210
0
23199
0
23188
2
23177
0
23166
4
23155
0
23144
3
23133
1
23122
0
23111
0
23100
2
23089
0
23078
0
23067
1
23056
0
23045
1
23034
4
23023
0
23012
0
23001
0
22990
1
22979
1
22968
0
22957
1
22946
2
22935
0
22924
0
22913
0
22902
0
22891
0
22880
1
22869
0
22858
1
22847
4
22836
1
22825
0
22814
1
22803
1
22792
0
22781
1
22770
1
22759
5
22748
0
22737
0
22726
0
22715
0
22704
0
22693
0
22682
0
22671
0
22660
2
22649
0
22638
0
22627
1
22616
1
22605
2
22594
0
22583
1
22572
0
22561
2
22550
0
22539
1
22528
0
22517
0
22506
1
22495
0
22484
0
22473
0
22462
0
22451
0
22440
0
22429
0
22418
0
22407
0
22396
0
22385
0
22374
0
22363
0
22352
0
22341
1
22330
2
22319
0
22308
0
22297
0
22286
1
22275
0
22264
0
22253
0
22242
0
22231
0
22220
0
22209
2
22198
0
22187
0
22176
3
22165
0
22154
1
22143
0
22132
1
22121
0
22110
0
22099
0
22088
1
22077
0
22066
0
22055
1
22044
0
22033
0
22022
4
22011
1
22000
0
21989
0
21978
2
21967
0
21956
1
21945
1
21934
1
21923
1
21912
1
21901
0
21890
1
21879
0
21868
0
21857
0
21846
0
21835
0
21824
0
21813
0
21802
1
21791
0
21780
0
21769
0
21758
0
21747
0
21736
3
21725
0
21714
1
21703
0
21692
1
21681
1
21670
0
21659
2
21648
0
21637
0
21626
1
21615
0
21604
0
21593
1
21582
1
21571
0
21560
0
21549
0
21538
1
21527
2
21516
1
21505
0
21494
0
21483
2
21472
0
21461
1
21450
0
21439
0
21428
2
21417
0
21406
0
21395
1
21384
0
21373
0
21362
0
21351
1
21340
0
21329
0
21318
0
21307
0
21296
0
21285
0
21274
1
21263
0
21252
0
21241
0
21230
0
21219
0
21208
3
21197
0
21186
1
21175
0
21164
0
21153
0
21142
0
21131
0
21120
0
21109
0
21098
0
21087
1
21076
0
21065
2
21054
0
21043
0
21032
1
21021
0
21010
0
20999
0
20988
0
20977
0
20966
0
20955
1
20944
1
20933
0
20922
0
20911
0
20900
0
20889
0
20878
1
20867
0
20856
0
20845
1
20834
0
20823
0
20812
0
20801
0
20790
2
20779
1
20768
0
20757
1
20746
1
20735
0
20724
0
20713
1
20702
0
20691
0
20680
1
20669
0
20658
0
20647
0
20636
0
20625
0
20614
0
20603
0
20592
1
20581
1
20570
0
20559
2
20548
1
20537
0
20526
0
20515
0
20504
0
20493
0
20482
1
20471
0
20460
0
20449
1
20438
0
20427
0
20416
0
20405
0
20394
0
20383
2
20372
0
20361
0
20350
1
20339
0
20328
1
20317
1
20306
1
20295
1
20284
0
20273
0
20262
0
20251
3
20240
0
20229
0
20218
0
20207
0
20196
0
20185
1
20174
0
20163
1
20152
2
20141
0
20130
0
20119
2
20108
0
20097
3
20086
0
20075
0
20064
0
20053
1
20042
0
20031
0
20020
2
20009
1
19998
1
19987
0
19976
1
19965
2
19954
0
19943
1
19932
1
19921
0
19910
1
19899
0
19888
1
19877
1
19866
1
19855
0
19844
0
19833
0
19822
2
19811
0
19800
2
19789
3
19778
0
19767
0
19756
0
19745
1
19734
2
19723
1
19712
0
19701
0
19690
3
19679
0
19668
0
19657
1
19646
0
19635
0
19624
1
19613
1
19602
0
19591
0
19580
0
19569
0
19558
0
19547
0
19536
0
19525
0
19514
0
19503
0
19492
0
19481
0
19470
2
19459
0
19448
0
19437
1
19426
0
19415
1
19404
1
19393
0
19382
0
19371
0
19360
2
19349
0
19338
0
19327
1
19316
1
19305
0
19294
0
19283
1
19272
0
19261
0
19250
0
19239
0
19228
1
19217
0
19206
0
19195
0
19184
1
19173
1
19162
0
19151
1
19140
0
19129
0
19118
0
19107
1
19096
0
19085
0
19074
1
19063
0
19052
2
19041
0
19030
0
19019
1
19008
1
18997
1
18986
0
18975
0
18964
0
18953
1
18942
0
18931
0
18920
2
18909
1
18898
0
18887
1
18876
0
18865
2
18854
1
18843
1
18832
0
18821
0
18810
0
18799
0
18788
4
18777
0
18766
0
18755
0
18744
0
18733
1
18722
3
18711
2
18700
1
18689
1
18678
1
18667
1
18656
0
18645
0
18634
0
18623
0
18612
0
18601
0
18590
1
18579
1
18568
1
18557
1
18546
0
18535
0
18524
1
18513
1
18502
0
18491
0
18480
5
18469
1
18458
0
18447
2
18436
0
18425
1
18414
0
18403
0
18392
0
18381
1
18370
0
18359
0
18348
0
18337
0
18326
0
18315
0
18304
0
18293
0
18282
0
18271
0
18260
1
18249
0
18238
0
18227
1
18216
0
18205
1
18194
1
18183
0
18172
0
18161
2
18150
2
18139
0
18128
0
18117
0
18106
0
18095
0
18084
0
18073
1
18062
0
18051
0
18040
0
18029
0
18018
1
18007
0
17996
0
17985
2
17974
0
17963
0
17952
0
17941
1
17930
1
17919
2
17908
0
17897
0
17886
0
17875
0
17864
0
17853
0
17842
0
17831
0
17820
2
17809
1
17798
0
17787
0
17776
0
17765
0
17754
0
17743
0
17732
0
17721
0
17710
5
17699
0
17688
1
17677
0
17666
0
17655
2
17644
0
17633
0
17622
0
17611
0
17600
0
17589
1
17578
0
17567
0
17556
1
17545
0
17534
0
17523
0
17512
1
17501
0
17490
1
17479
1
17468
0
17457
0
17446
0
17435
0
17424
0
17413
0
17402
0
17391
0
17380
0
17369
0
17358
0
17347
1
17336
0
17325
1
17314
0
17303
0
17292
0
17281
0
17270
0
17259
1
17248
1
17237
0
17226
1
17215
1
17204
0
17193
0
17182
1
17171
0
17160
3
17149
0
17138
0
17127
0
17116
0
17105
0
17094
0
17083
1
17072
3
17061
0
17050
0
17039
0
17028
1
17017
0
17006
0
16995
1
16984
1
16973
0
16962
0
16951
0
16940
0
16929
0
16918
3
16907
0
16896
0
16885
0
16874
0
16863
1
16852
0
16841
1
16830
1
16819
1
16808
0
16797
0
16786
0
16775
1
16764
2
16753
0
16742
0
16731
2
16720
0
16709
0
16698
1
16687
0
16676
1
16665
1
16654
0
16643
0
16632
0
16621
0
16610
0
16599
0
16588
0
16577
0
16566
0
16555
0
16544
0
16533
0
16522
0
16511
0
16500
0
16489
1
16478
0
16467
0
16456
0
16445
0
16434
0
16423
0
16412
1
16401
0
16390
0
16379
0
16368
1
16357
1
16346
2
16335
0
16324
0
16313
0
16302
1
16291
2
16280
4
16269
0
16258
0
16247
0
16236
1
16225
1
16214
3
16203
0
16192
3
16181
0
16170
1
16159
2
16148
0
16137
0
16126
0
16115
0
16104
0
16093
0
16082
1
16071
3
16060
2
16049
0
16038
3
16027
1
16016
0
16005
0
15994
1
15983
1
15972
2
15961
0
15950
1
15939
0
15928
1
15917
0
15906
1
15895
0
15884
0
15873
1
15862
0
15851
3
15840
0
15829
1
15818
0
15807
0
15796
0
15785
0
15774
0
15763
0
15752
0
15741
0
15730
0
15719
1
15708
0
15697
1
15686
0
15675
0
15664
0
15653
1
15642
0
15631
1
15620
0
15609
0
15598
0
15587
0
15576
0
15565
0
15554
0
15543
0
15532
0
15521
1
15510
1
15499
0
15488
0
15477
0
15466
0
15455
0
15444
0
15433
0
15422
0
15411
0
15400
1
15389
1
15378
0
15367
1
15356
0
15345
0
15334
1
15323
0
15312
0
15301
2
15290
0
15279
2
15268
0
15257
0
15246
0
15235
0
15224
1
15213
0
15202
1
15191
0
15180
0
15169
0
15158
1
15147
1
15136
0
15125
0
15114
0
15103
1
15092
0
15081
1
15070
1
15059
1
15048
1
15037
1
15026
0
15015
1
15004
1
14993
0
14982
0
14971
0
14960
0
14949
0
14938
0
14927
0
14916
1
14905
0
14894
0
14883
0
14872
0
14861
0
14850
0
14839
0
14828
1
14817
0
14806
1
14795
0
14784
0
14773
0
14762
1
14751
2
14740
0
14729
0
14718
0
14707
0
14696
0
14685
0
14674
2
14663
0
14652
0
14641
1
14630
0
14619
1
14608
0
14597
1
14586
1
14575
0
14564
0
14553
0
14542
1
14531
3
14520
2
14509
0
14498
0
14487
0
14476
0
14465
0
14454
0
14443
3
14432
0
14421
0
14410
1
14399
0
14388
1
14377
0
14366
2
14355
0
14344
3
14333
0
14322
0
14311
0
14300
0
14289
0
14278
2
14267
0
14256
0
14245
0
14234
0
14223
1
14212
0
14201
0
14190
0
14179
1
14168
0
14157
0
14146
0
14135
0
14124
0
14113
0
14102
1
14091
0
14080
0
14069
1
14058
0
14047
0
14036
1
14025
0
14014
3
14003
1
13992
0
13981
0
13970
0
13959
0
13948
1
13937
1
13926
2
13915
1
13904
1
13893
2
13882
0
13871
0
13860
0
13849
0
13838
4
13827
2
13816
0
13805
1
13794
1
13783
0
13772
0
13761
0
13750
0
13739
0
13728
0
13717
0
13706
3
13695
1
13684
0
13673
0
13662
0
13651
0
13640
0
13629
0
13618
0
13607
0
13596
0
13585
0
13574
0
13563
4
13552
2
13541
0
13530
0
13519
0
13508
0
13497
0
13486
0
13475
2
13464
1
13453
0
13442
1
13431
0
13420
0
13409
3
13398
0
13387
0
13376
1
13365
0
13354
0
13343
2
13332
1
13321
0
13310
2
13299
4
13288
0
13277
0
13266
0
13255
0
13244
0
13233
0
13222
0
13211
1
13200
2
13189
1
13178
1
13167
0
13156
0
13145
1
13134
0
13123
0
13112
0
13101
0
13090
0
13079
1
13068
1
13057
0
13046
0
13035
0
13024
0
13013
0
13002
0
12991
1
12980
0
12969
0
12958
2
12947
0
12936
4
12925
2
12914
0
12903
0
12892
0
12881
0
12870
1
12859
0
12848
0
12837
0
12826
0
12815
1
12804
0
12793
2
12782
0
12771
0
12760
1
12749
0
12738
0
12727
0
12716
1
12705
3
12694
1
12683
0
12672
2
12661
0
12650
0
12639
0
12628
0
12617
0
12606
0
12595
0
12584
0
12573
0
12562
0
12551
0
12540
0
12529
0
12518
0
12507
0
12496
0
12485
0
12474
0
12463
0
12452
1
12441
0
12430
0
12419
0
12408
1
12397
2
12386
2
12375
1
12364
0
12353
0
12342
0
12331
0
12320
2
12309
0
12298
0
12287
2
12276
0
12265
0
12254
4
12243
0
12232
2
12221
0
12210
4
12199
0
12188
2
12177
0
12166
2
12155
2
12144
0
12133
0
12122
1
12111
0
12100
0
12089
0
12078
0
12067
0
12056
1
12045
0
12034
0
12023
0
12012
1
12001
0
11990
0
11979
1
11968
0
11957
0
11946
1
11935
0
11924
0
11913
0
11902
1
11891
0
11880
0
11869
0
11858
0
11847
1
11836
2
11825
1
11814
1
11803
1
11792
0
11781
0
11770
0
11759
1
11748
0
11737
0
11726
1
11715
0
11704
1
11693
0
11682
0
11671
0
11660
1
11649
0
11638
0
11627
0
11616
1
11605
0
11594
0
11583
1
11572
0
11561
0
11550
0
11539
0
11528
0
11517
0
11506
1
11495
0
11484
1
11473
0
11462
0
11451
0
11440
1
11429
0
11418
0
11407
3
11396
0
11385
0
11374
2
11363
0
11352
0
11341
1
11330
0
11319
0
11308
0
11297
0
11286
0
11275
0
11264
1
11253
0
11242
0
11231
0
11220
1
11209
1
11198
0
11187
0
11176
0
11165
0
11154
0
11143
0
11132
0
11121
0
11110
2
11099
0
11088
1
11077
0
11066
0
11055
0
11044
0
11033
2
11022
1
11011
2
11000
0
10989
0
10978
1
10967
0
10956
1
10945
0
10934
0
10923
1
10912
0
10901
0
10890
0
10879
0
10868
0
10857
2
10846
0
10835
0
10824
1
10813
3
10802
0
10791
0
10780
0
10769
2
10758
0
10747
0
10736
0
10725
0
10714
1
10703
0
10692
1
10681
0
10670
0
10659
0
10648
1
10637
1
10626
0
10615
0
10604
0
10593
0
10582
0
10571
0
10560
2
10549
0
10538
1
10527
2
10516
2
10505
0
10494
0
10483
0
10472
0
10461
0
10450
1
10439
0
10428
1
10417
0
10406
2
10395
1
10384
0
10373
1
10362
0
10351
0
10340
0
10329
0
10318
0
10307
0
10296
0
10285
0
10274
0
10263
0
10252
0
10241
0
10230
1
10219
1
10208
0
10197
0
10186
0
10175
1
10164
0
10153
0
10142
1
10131
0
10120
1
10109
0
10098
0
10087
1
10076
3
10065
1
10054
0
10043
0
10032
0
10021
4
10010
1
9999
0
9988
2
9977
0
9966
0
9955
0
9944
0
9933
3
9922
1
9911
0
9900
0
9889
1
9878
6
9867
0
9856
0
9845
0
9834
0
9823
1
9812
0
9801
0
9790
0
9779
0
9768
0
9757
0
9746
0
9735
0
9724
1
9713
0
9702
1
9691
0
9680
0
9669
1
9658
1
9647
0
9636
1
9625
0
9614
0
9603
2
9592
1
9581
1
9570
1
9559
2
9548
0
9537
1
9526
0
9515
0
9504
0
9493
0
9482
0
9471
0
9460
1
9449
4
9438
0
9427
4
9416
0
9405
0
9394
0
9383
0
9372
0
9361
0
9350
1
9339
0
9328
0
9317
0
9306
0
9295
0
9284
0
9273
1
9262
0
9251
0
9240
1
9229
2
9218
0
9207
0
9196
0
9185
2
9174
1
9163
0
9152
0
9141
1
9130
0
9119
1
9108
0
9097
1
9086
0
9075
1
9064
0
9053
0
9042
0
9031
1
9020
2
9009
0
8998
0
8987
0
8976
0
8965
0
8954
1
8943
0
8932
2
8921
1
8910
0
8899
0
8888
0
8877
0
8866
0
8855
2
8844
0
8833
0
8822
0
8811
0
8800
0
8789
1
8778
0
8767
0
8756
0
8745
0
8734
0
8723
0
8712
0
8701
0
8690
0
8679
0
8668
0
8657
1
8646
0
8635
3
8624
0
8613
1
8602
0
8591
0
8580
0
8569
2
8558
0
8547
1
8536
0
8525
0
8514
1
8503
1
8492
1
8481
0
8470
0
8459
0
8448
0
8437
0
8426
0
8415
0
8404
1
8393
0
8382
1
8371
0
8360
0
8349
1
8338
0
8327
0
8316
0
8305
0
8294
0
8283
0
8272
0
8261
0
8250
0
8239
0
8228
0
8217
0
8206
0
8195
0
8184
0
8173
1
8162
0
8151
1
8140
0
8129
0
8118
2
8107
0
8096
0
8085
2
8074
0
8063
0
8052
1
8041
0
8030
0
8019
1
8008
0
7997
1
7986
0
7975
5
7964
0
7953
3
7942
0
7931
7
7920
0
7909
0
7898
0
7887
0
7876
1
7865
1
7854
0
7843
2
7832
0
7821
0
7810
1
7799
0
7788
0
7777
2
7766
1
7755
0
7744
0
7733
1
7722
1
7711
4
7700
0
7689
0
7678
0
7667
0
7656
0
7645
1
7634
0
7623
3
7612
0
7601
2
7590
1
7579
0
7568
1
7557
0
7546
4
7535
0
7524
0
7513
0
7502
0
7491
2
7480
1
7469
3
7458
0
7447
1
7436
1
7425
0
7414
4
7403
1
7392
0
7381
0
7370
0
7359
3
7348
1
7337
0
7326
0
7315
1
7304
2
7293
2
7282
0
7271
1
7260
0
7249
1
7238
0
7227
0
7216
0
7205
0
7194
1
7183
0
7172
0
7161
1
7150
0
7139
1
7128
0
7117
0
7106
0
7095
0
7084
0
7073
1
7062
2
7051
1
7040
0
7029
0
7018
0
7007
1
6996
0
6985
1
6974
1
6963
0
6952
0
6941
0
6930
2
6919
2
6908
0
6897
0
6886
0
6875
1
6864
0
6853
0
6842
1
6831
0
6820
0
6809
1
6798
0
6787
0
6776
3
6765
0
6754
0
6743
1
6732
0
6721
0
6710
1
6699
1
6688
0
6677
0
6666
0
6655
0
6644
0
6633
0
6622
0
6611
0
6600
0
6589
0
6578
0
6567
0
6556
0
6545
1
6534
0
6523
0
6512
1
6501
0
6490
0
6479
0
6468
0
6457
2
6446
1
6435
1
6424
0
6413
0
6402
1
6391
0
6380
0
6369
0
6358
1
6347
0
6336
0
6325
0
6314
0
6303
0
6292
0
6281
0
6270
1
6259
0
6248
1
6237
1
6226
0
6215
2
6204
0
6193
0
6182
5
6171
0
6160
0
6149
1
6138
0
6127
0
6116
1
6105
1
6094
1
6083
0
6072
2
6061
0
6050
0
6039
0
6028
0
6017
0
6006
0
5995
0
5984
1
5973
0
5962
0
5951
0
5940
1
5929
0
5918
0
5907
0
5896
1
5885
0
5874
1
5863
0
5852
0
5841
0
5830
0
5819
1
5808
0
5797
0
5786
1
5775
1
5764
0
5753
1
5742
0
5731
0
5720
1
5709
1
5698
1
5687
0
5676
0
5665
0
5654
0
5643
0
5632
3
5621
1
5610
1
5599
0
5588
1
5577
0
5566
0
5555
0
5544
0
5533
1
5522
0
5511
1
5500
0
5489
1
5478
0
5467
0
5456
0
5445
0
5434
0
5423
1
5412
0
5401
0
5390
0
5379
0
5368
0
5357
0
5346
1
5335
1
5324
0
5313
0
5302
1
5291
0
5280
0
5269
3
5258
0
5247
0
5236
0
5225
1
5214
0
5203
0
5192
0
5181
0
5170
0
5159
0
5148
0
5137
2
5126
1
5115
0
5104
1
5093
0
5082
0
5071
0
5060
0
5049
0
5038
0
5027
0
5016
0
5005
1
4994
0
4983
3
4972
0
4961
0
4950
0
4939
0
4928
3
4917
2
4906
0
4895
0
4884
0
4873
0
4862
0
4851
0
4840
0
4829
0
4818
0
4807
1
4796
1
4785
0
4774
1
4763
0
4752
3
4741
0
4730
1
4719
0
4708
0
4697
0
4686
0
4675
0
4664
1
4653
0
4642
1
4631
0
4620
1
4609
1
4598
2
4587
1
4576
0
4565
1
4554
0
4543
1
4532
2
4521
0
4510
0
4499
0
4488
1
4477
1
4466
0
4455
2
4444
0
4433
0
4422
0
4411
1
4400
0
4389
0
4378
1
4367
0
4356
1
4345
2
4334
1
4323
1
4312
1
4301
1
4290
0
4279
0
4268
0
4257
0
4246
0
4235
0
4224
0
4213
5
4202
1
4191
3
4180
2
4169
2
4158
0
4147
0
4136
0
4125
1
4114
1
4103
1
4092
0
4081
0
4070
1
4059
1
4048
0
4037
0
4026
0
4015
3
4004
0
3993
0
3982
0
3971
0
3960
0
3949
0
3938
0
3927
0
3916
0
3905
0
3894
1
3883
1
3872
2
3861
1
3850
0
3839
5
3828
0
3817
1
3806
0
3795
0
3784
1
3773
0
3762
0
3751
1
3740
1
3729
0
3718
0
3707
0
3696
0
3685
1
3674
0
3663
0
3652
0
3641
0
3630
0
3619
0
3608
0
3597
0
3586
0
3575
0
3564
0
3553
0
3542
0
3531
1
3520
2
3509
0
3498
1
3487
0
3476
0
3465
0
3454
0
3443
1
3432
0
3421
0
3410
0
3399
0
3388
2
3377
1
3366
0
3355
0
3344
1
3333
1
3322
3
3311
0
3300
0
3289
0
3278
0
3267
0
3256
0
3245
0
3234
0
3223
0
3212
0
3201
0
3190
0
3179
0
3168
0
3157
1
3146
0
3135
0
3124
2
3113
0
3102
1
3091
0
3080
2
3069
1
3058
0
3047
0
3036
0
3025
0
3014
2
3003
0
2992
1
2981
0
2970
0
2959
0
2948
0
2937
0
2926
0
2915
0
2904
0
2893
1
2882
0
2871
0
2860
0
2849
4
2838
0
2827
0
2816
1
2805
1
2794
0
2783
1
2772
2
2761
0
2750
0
2739
1
2728
0
2717
1
2706
3
2695
0
2684
1
2673
1
2662
0
2651
0
2640
0
2629
0
2618
0
2607
0
2596
0
2585
1
2574
1
2563
0
2552
0
2541
0
2530
1
2519
0
2508
1
2497
0
2486
0
2475
0
2464
0
2453
4
2442
1
2431
2
2420
0
2409
1
2398
2
2387
2
2376
2
2365
0
2354
0
2343
2
2332
0
2321
0
2310
1
2299
0
2288
2
2277
1
2266
0
2255
0
2244
1
2233
1
2222
0
2211
1
2200
0
2189
0
2178
0
2167
0
2156
1
2145
1
2134
0
2123
0
2112
0
2101
3
2090
2
2079
0
2068
0
2057
0
2046
0
2035
0
2024
0
2013
1
2002
0
1991
0
1980
0
1969
0
1958
1
1947
2
1936
1
1925
0
1914
1
1903
1
1892
0
1881
1
1870
0
1859
0
1848
0
1837
0
1826
0
1815
0
1804
0
1793
0
1782
0
1771
0
1760
3
1749
0
1738
0
1727
3
1716
0
1705
0
1694
0
1683
0
1672
1
1661
0
1650
2
1639
0
1628
1
1617
0
1606
0
1595
2
1584
0
1573
0
1562
0
1551
0
1540
0
1529
0
1518
0
1507
1
1496
2
1485
1
1474
0
1463
0
1452
0
1441
0
1430
0
1419
3
1408
0
1397
2
1386
0
1375
0
1364
0
1353
0
1342
0
1331
1
1320
2
1309
0
1298
0
1287
0
1276
2
1265
1
1254
1
1243
0
1232
2
1221
1
1210
2
1199
0
1188
0
1177
1
1166
2
1155
1
1144
0
1133
0
1122
2
1111
0
1100
0
1089
0
1078
0
1067
1
1056
0
1045
1
1034
0
1023
0
1012
1
1001
1
990
0
979
1
968
2
957
0
946
0
935
0
924
0
913
1
902
1
891
0
880
3
869
1
858
1
847
0
836
0
825
0
814
0
803
0
792
0
781
0
770
1
759
0
748
1
737
1
726
0
715
0
704
1
693
1
682
0
671
0
660
0
649
1
638
0
627
0
616
0
605
2
594
0
583
0
572
2
561
1
550
1
539
4
528
0
517
0
506
0
495
0
484
0
473
2
462
0
451
0
440
4
429
0
418
0
407
0
396
0
385
0
374
1
363
1
352
0
341
0
330
1
319
3
308
2
297
0
286
0
275
0
264
0
253
0
242
0
231
0
220
0
209
3
198
3
187
2
176
0
165
0
154
0
143
0
132
0
121
0
110
0
99
0
88
2
77
0
66
0
55
0
44
0
33
0
22
2
11
0
1
