458
928
516
990
130
16
795
528
2
109
362
1119
668
841
916
390
116
1044
93
635
884
629
40
845
716
1022
706
78
442
1
967
129
13
29
264
960
98
1016
934
80
934
466
1067
6
1126
1055
30
573
886
963
1012
487
569
145
762
891
3
50
10
39
601
368
429
182
68
993
125
32
380
726
1049
685
14
4
16
1000
846
736
496
778
251
604
647
35
4
12
131
327
759
1076
476
5
500
786
429
1096
1071
715
294
594
1089
1029
972
1042
230
20
119
217
166
28
38
934
1128
941
943
40
1014
649
16
1113
866
294
7
924
14
102
58
1039
534
8
912
906
516
969
303
143
319
682
12
978
862
314
304
36
730
50
503
31
701
893
282
361
793
601
838
1030
847
456
884
518
1089
653
846
459
950
739
577
9
4
620
15
267
48
576
73
70
983
63
746
433
616
776
461
752
738
492
76
212
801
1062
32
21
475
33
353
1105
865
350
74
41
661
25
87
867
449
415
335
101
17
219
864
12
262
452
676
469
428
54
1049
1062
6
205
443
583
798
102
314
788
497
572
529
1038
617
790
512
1012
386
1084
503
6
997
360
1117
73
577
184
1007
1041
263
347
401
1065
764
936
873
1096
306
238
792
434
619
662
369
647
592
1
26
308
41
1101
1016
2
1050
142
52
50
854
199
370
42
820
484
299
63
25
904
760
639
814
18
1017
1074
663
152
307
19
965
1
1119
749
775
1000
1092
1083
609
673
394
555
37
1069
563
378
448
640
1003
647
439
1051
2
494
532
768
1101
961
559
50
1020
43
49
53
265
568
6
423
54
852
2
116
341
1079
844
551
162
389
1056
131
540
553
166
98
1
507
24
129
103
70
1029
1124
1122
1061
183
896
78
367
953
542
985
1046
990
13
5
138
1109
439
964
675
51
739
417
866
1016
592
644
86
1127
1041
80
405
970
26
79
479
803
17
513
777
121
928
404
37
452
84
996
49
994
957
37
906
842
62
31
54
1078
276
802
20
342
1107
1098
361
170
26
152
790
1015
537
563
596
39
972
1056
120
518
924
1116
1105
792
289
198
126
801
827
7
853
824
98
1055
335
36
587
393
690
419
318
587
698
427
939
345
1113
674
446
208
700
1020
842
3
13
700
1071
13
863
352
600
651
64
44
791
941
1073
966
772
165
325
402
18
1014
642
743
251
8
18
10
886
587
1105
141
44
834
21
991
694
113
768
767
438
192
95
781
820
463
657
66
230
884
1116
761
68
543
1049
121
1069
229
177
583
114
319
969
123
607
788
404
591
612
784
75
6
15
6
1102
24
205
516
943
111
45
