1785
3042
1865
2784
1291
24
1983
324
364
4520
2122
4665
50
3322
240
3243
4401
303
2714
3734
1322
132
4508
1299
67
31
590
1134
955
1136
103
1192
3037
3802
4469
2484
1623
1824
4296
105
1670
790
2875
1992
1296
256
2422
1424
819
3938
2948
3806
4278
3431
3668
1692
158
161
4051
4508
2549
1964
130
91
1343
2742
3704
4133
148
4556
271
220
3645
1592
265
3229
1346
4096
3852
3064
47
2214
66
94
4096
1835
2668
3036
3089
133
3100
3875
80
40
71
2035
1840
3644
246
67
4286
4458
2867
3453
2307
892
2716
2582
2925
4546
3587
127
69
160
102
247
2192
141
1542
1201
3777
4172
3963
2197
120
3224
3866
1861
2706
1597
154
4034
4508
93
3007
41
3114
1275
1554
1964
221
253
2695
55
1824
1899
14
4409
455
205
