1656
988
1102
6
1359
435
67
45
59
848
2531
1663
2338
181
999
1542
2332
1555
443
2367
2718
3405
425
2316
67
2171
236
2484
713
2411
1150
1775
3048
1732
3287
2700
1716
2783
936
398
2237
3361
1218
3296
2484
40
2791
1932
96
3303
2577
802
2647
39
45
2328
2464
2183
2074
3020
1725
2165
870
894
1734
2665
3331
2577
1025
22
70
801
2934
2091
2436
32
3156
1808
341
3275
872
359
2537
1563
1578
2902
2343
49
660
825
1451
1230
3201
5
555
432
2359
3037
1977
682
237
1078
417
1830
1126
1580
150
1998
3256
2550
11
2644
1181
2187
1662
1529
425
2727
1366
2761
1185
3318
1125
2935
2143
3006
2441
2983
88
754
2012
1930
2297
687
3188
970
1762
3115
985
2924
30
203
2962
362
2329
3115
41
9
2834
1581
2293
933
813
2598
2321
2334
1992
1977
3130
2853
862
339
710
3021
3370
946
285
1098
743
303
3192
2275
2580
678
565
24
38
503
1387
3382
1257
1801
1023
888
1411
2237
1235
327
146
906
1943
387
58
978
1821
437
2662
2868
2544
2858
2355
2531
989
3062
1270
938
1398
851
3056
831
69
1928
70
482
3368
20
3251
1535
1587
33
2538
1727
703
60
1815
2610
2566
2208
715
31
846
1186
1021
3153
75
1122
131
3423
1993
2001
1756
3192
3121
1773
2906
1892
2378
2665
1457
822
1386
1394
1359
600
2682
1976
1185
107
1950
2115
2000
3424
1900
1751
697
31
1925
1849
1105
1452
113
2197
3411
1080
1658
115
1175
2010
1650
1248
307
1837
1048
2923
30
3347
2617
182
2697
1086
2706
2828
3428
3
2571
2240
1754
1675
2578
3204
43
68
884
380
3196
2751
714
323
955
602
2522
2970
1733
2735
623
1813
1280
3038
2973
3152
2291
2610
2863
1963
2435
1318
221
1456
313
239
6
1004
1340
1521
592
1020
1958
3295
536
1770
2637
2743
2190
3062
2364
2531
33
2391
1551
3227
3401
3275
2693
3311
3208
172
2983
34
1929
1650
422
2142
1690
2938
3261
200
1794
1719
1425
1689
1491
1018
3025
187
1658
3221
834
8
436
581
562
899
1663
816
2462
1695
1773
3243
2066
292
50
3211
2007
849
276
80
3053
601
1879
2619
1330
3110
2684
1875
1165
2447
3087
3007
327
2353
19
2283
885
52
2551
1920
1841
1799
1922
3247
656
44
48
219
828
1913
2445
3176
1895
909
2546
3142
1833
293
3429
1657
615
2643
37
2066
1999
26
2991
2589
3389
713
301
2546
2769
3296
352
2506
2326
2565
1143
2147
3426
2400
54
1842
3302
760
383
3144
16
1573
1932
2278
2360
2612
855
2302
1258
1236
1072
2163
3040
1951
203
1391
2915
789
175
486
2725
1695
1830
1833
2672
966
963
2934
6
2242
519
1391
1412
2254
62
2371
653
1182
2036
2137
900
3268
206
681
1627
2145
1370
2987
531
1776
2796
1629
3028
3340
3233
1154
3396
3403
4
2926
979
2343
2580
2539
1952
1111
3276
3013
2958
2749
3212
1706
2298
2434
573
58
96
1309
1872
3226
8
3388
1050
505
3294
1581
1973
220
2369
1706
1988
1902
2750
2233
1874
3262
335
2487
2749
209
1062
3089
2485
1279
779
1769
3167
2292
2539
1079
1365
1
1531
493
941
863
3334
1604
2077
1211
3276
439
1466
2899
2070
641
2292
1700
4
2076
1144
3022
1706
3428
1482
1454
1592
2581
2030
2720
