30.9467890680
0.0729614268
27.4559952358
13.3623505545
5.9491846678
5.1371242502
0.2638292332
4.0470894293
2.6589014013
166.3268947084
6.4326420161
35.6418392132
2.0357663767
6.6015498638
58.8541936302
5.5778684656
4.9708002666
6.7466368738
23.5405688697
5.3996985723
7.0424964103
15.6950311927
35.8632661007
20.4357868163
24.1547272775
20.2507301921
39.7071370024
15.3738908323
1.2005394412
71.1773309939
10.3138201019
6.8542065349
22.8069732256
2.5024506601
114.4320608920
2.9428159086
7.9171790534
12.3065902396
8.4610694326
1.2709511986
42.9240031912
8.5214270028
1.5784152565
12.9599490376
1.7910578537
14.9531357916
0.5509757609
4.7234137779
3.4457978279
5.3123884653
17.5611236915
3.0476582602
4.4388709446
17.3998723069
1.1153912064
10.7539487817
36.9137495763
1.8621259564
3.8510575959
25.1819565347
2.6950887269
42.5638341622
5.0371480361
13.3948104517
41.2737476709
16.8349317034
2.6758403587
10.8225881755
0.7698652198
10.0120928425
7.3471878310
6.9042600196
7.5038628004
0.6691273486
27.1916378099
1.7978587281
1.1829527776
48.0284785534
0.2635634641
8.8630751947
119.3988479997
2.2122853296
24.9646228720
13.8534452969
1.1821198186
1.7787713728
7.7808153929
2.3396136672
