0.3557842283
2.0154576284
0.8593225389
0.8566800966
8.7705371039
46.4376640027
2.6994209242
4.5053717896
27.5264776864
1.5686360384
0.2591842866
16.9950599408
12.5293158135
8.3819338641
0.0333089341
0.3224920722
1.2160287565
2.6743206888
1.8227101917
0.2554859737
2.0817935276
1.8191896673
2.8616937201
1.6525456249
0.6867928775
2.8252257008
2.5277770906
0.2867481287
0.1272845094
17.2695652594
1.2821691505
4.0652087293
0.0134644257
9.0883583595
1.3173810320
0.2831845445
1.4716888744
0.3763344414
3.1068016319
0.1750449938
16.0135888894
0.1820895186
0.9709911147
0.6386252962
35.6835413012
0.9372034184
1.1172576135
0.8132951661
0.5568640771
2.1590898187
1.9221714943
4.5212759337
4.6503898086
24.8671580837
