0.0301130140
1.0586066436
16.0729413592
21.1223067481
2.6780941928
0.5655982631
10.5491639918
0.7689141979
0.0700027583
1.7409236755
13.9858804656
0.1884665032
13.6237532233
0.8237707440
6.6332874912
3.2316282013
2.0922721212
1.0999851634
0.1640988995
2.4771511463
3.2871518861
24.7388060176
2.5226783184
0.7855580827
0.1036856634
7.1336580486
0.0430580328
0.5146913267
12.0883569499
0.6759167170
7.4536321710
7.9797763532
1.6925714001
6.9596562553
29.6669710750
4.8521767129
6.6893084767
3.5603011688
23.3404057196
13.9733334457
1.9002866212
26.6249101293
19.6752917774
4.4831302093
2.4366724047
0.2328368483
0.8581127277
3.8458196441
0.7537216350
0.6214395611
0.0661454474
9.9135167596
1.2615014064
3.6079017759
1.1316851857
3.5437679587
1.8522928153
8.6443519733
2.5838625569
39.5853319806
0.0962202814
0.7868184278
2.1518290762
7.5714721511
0.0767763549
6.2101197855
97.3461657289
2.3117188021
0.8116040794
34.2056457412
3.5556190472
1.7901842604
8.7099020912
5.1271642054
16.7339761711
10.1575797962
2.0341067832
3.1545091351
4.4634399238
1.6095726724
9.3172915534
1.2684925240
1.6418448586
0.0073712682
0.6535191977
0.1150606453
2.0517303920
1.9163746725
3.8502892149
1.3377831320
0.8090783184
7.9562084918
0.5554244483
0.2175905866
