0.3136623122
2.7987897456
7.5460622911
2.6656237510
13.1300034725
2.0436286351
1.3265219895
2.4490677801
42.8161964280
2.4266079088
3.8342012851
15.7911764946
5.2829890342
1.4553136196
5.0298973185
0.0261223933
2.4348786251
0.1470932517
1.4591136175
0.0296846590
3.2034118068
16.5945363744
11.6046573604
5.5586529865
94.9963379775
4.5639674715
1.7166663478
2.3497388504
0.1283281513
1.9718026725
2.5066274277
23.8122793274
95.2666524549
3.3154043419
2.0078245488
2.1138775070
4.3262569674
0.3637403444
0.4196455193
202.6821360194
0.2517453142
7.8727148482
10.9418007345
1.6538431313
0.7527399150
0.3707388276
1.9839456588
7.4985057534
102.0101132959
5.9148210942
1.1498993595
21.5915221718
19.2855757211
23.3518872702
21.6638748413
2.1666919693
16.5106382735
0.9631657587
1.9895204259
2.1006440167
1.6751400425
9.8960270599
5.5052820370
7.9449013757
1.0444216769
8.6588000346
5.3373373334
3.1944334363
0.7403030378
4.2893104414
9.5050398447
