15.4704404172
10.4925790815
6.2540345824
1.9938564667
6.3572868762
5.1652508917
33.6691792455
2.6486260973
1.1328104553
3.8599372823
9.1971229801
17.6270625802
9.6641744243
24.2581330553
1.1616912408
21.2724709297
0.7288235297
14.6321720312
100.9166826883
1.3947698198
0.0927158819
28.0325649484
2.1911222941
2.4979198840
2.0864397910
3.6506459566
1.6362916482
6.4601107195
7.9729462333
16.4925782309
0.8901292801
1.8649887783
2.0565654973
1.0780685819
295.2815974606
0.9121646817
49.1379823067
3.2240923841
0.7775352877
6.5047309200
3.1410699337
2.3047826459
31.9402705884
0.6886191263
6.9232566606
12.3894365456
3.4208215836
0.4193546137
6.5791465251
3.8098027202
4.0683430640
10.1250728947
0.1715069729
13.5842069380
13.3988264975
3.1495317657
3.0947071501
50.6161458886
0.0755507391
