6.4104200699
22.6873971538
0.9505093300
4.6527887544
24.5147988239
1.1388653041
4.6533668934
0.6354688855
1.3717411433
8.2265837973
0.0740910435
0.2056488846
0.7660480906
0.0138183112
0.1088765229
1.4194855424
1.6626252417
0.9496282324
0.1780434471
3.9540916588
1.2600318893
10.4660703045
2.0013441701
0.0031996986
10.1505681208
11.6124704930
2.1818188928
9.6601039623
9.0353107971
4.9991427850
0.2531064004
18.5086910133
0.1112645223
7.7272849134
0.2000585561
43.2664066126
9.6485274732
1.4601313675
1.6679608594
14.3673626489
6.5774054958
0.0463462823
1.2858485986
1.1244893840
0.3698980488
5.9128312632
