56.8590471101
14.1803967613
1.8402294243
3.5298134768
7.0893758862
0.0118351684
20.7809541453
1.6814338086
0.5038919906
11.5061359193
20.6429906657
26.6860664053
3.5117534297
0.4642030872
3.8884808451
4.0665485109
3.2053969165
0.9593329188
59.3779471013
0.8026336894
3.0659227265
3.2134036571
14.5877738632
2.9293855993
1.1752790383
3.1412264400
52.5495061002
11.4163932530
32.9623412689
3.5368082472
0.0924638135
0.5013895287
3.4899218744
3.0513103965
1.7556826864
0.9546627956
0.5198634541
6.4850904363
2.4475722129
0.7735097828
24.7243542435
4.6160259082
5.3485976637
11.4645978489
9.3234960000
9.8026362776
0.1433079199
0.0073895606
0.7196143509
0.8925218932
12.2616127174
38.5436497238
3.4989894663
0.1509739461
6.1598490345
16.3342378835
3.7310186616
14.6716035500
0.9067462605
3.0996244019
7.4924522398
11.8769486372
50.2938352556
6.3120705760
19.8921223206
0.2354462519
0.8211673016
6.2841217700
