10.0415654176
2.0602024471
0.1596255096
2.2212305211
0.7092972316
7.3045194216
34.8425786526
13.7743158184
2.6637458106
3.6027056470
0.9253826385
3.1284336597
0.8067935983
1.3237762160
13.9871035822
1.9377780493
86.9261433852
41.5898342273
1.5789082338
1.4508933307
5.2518460196
3.2936154232
9.5703293835
1.4915478340
1.3775616229
11.5638079996
0.6061566437
3.2655069560
1.2898882095
2.8806495746
3.9325644394
0.0760427509
9.9388728991
4.5739824367
26.2527313135
6.0579807373
1.1236758069
0.8811224386
5.0198056886
1.7817215109
14.4855401129
0.6216676870
2.7184603567
0.0873017542
1.9100814935
5.0130237353
0.1962835242
4.2604189538
4.2389493224
4.1580685212
2.9580177767
11.9297317122
0.2196452938
0.0935084640
2.2360574273
0.7276296893
1.6756991751
0.1195532310
5.1996459728
6.3951883606
33.6698098515
6.4385160161
6.0004417992
1.6872273651
1.7012953938
0.6320862944
7.3246231249
4.3987878705
3.1818544788
6.4769696473
3.0710036714
0.7978084300
24.2371303135
20.8688210859
10.2504642018
1.5037128708
4.4471167289
2.0659676016
0.8530761688
1.3127572489
3.3133521018
1.4439507826
0.2978652704
1.6089192050
0.1537161842
0.0238281726
0.5804252161
2.1600330547
0.2659173484
24.1897523942
11.2055845466
2.9757589671
