2.3550686232
217.7686965578
3.4950003309
17.3079123561
7.8280165638
20.9486129557
458.1548719719
2.7430576182
24.5993717830
15.3762532678
32.4975694113
169.9318400907
19.7669733943
44.3011290861
8.4509034148
238.1650743107
1.5588232222
85.5442154654
2.3155786992
41.5942640221
6.9278214974
60.0494425841
7.5802001995
4.1181243427
7.1839094833
6.4974499573
30.3562449609
36.0777813316
5.6420968170
26.7402608779
111.2733499483
16.3880797382
34.8626088665
13.0881451414
53.5905527234
17.3517509757
127.5693994336
2.8040144160
5.1402005107
62.7683119892
74.3666779571
104.8166431692
37.4012495391
1.6857315012
2.5403903633
119.8334733282
50.2926006509
82.5339535632
7.3807483399
52.5317953748
430.3803262353
15.8775419713
2.2526016784
21.9411325510
17.6196256832
8.0507575465
45.4758625452
4.3016095646
1.7469369669
8.3384991186
29.7935485166
8.2648753996
2.6289677877
6.8659506472
23.0236793480
24.4586856889
96.8857345252
54.1997685433
21.6214988414
130.3697105084
8.3381293426
4.9861524015
55.1626581499
10.4464086593
31.8678443627
7.6285615618
4.0372381216
6.5433310199
11.5187838865
17.5450786117
9.0419849701
5.5833740332
79.4452722692
49.5452521029
8.8771290581
4.7281373572
56.5870492933
51.6256280343
2.7870871918
68.0481467961
20.2166971216
